0.0000000	922208	183559	0.000000
0.0000075	926620	196797	0.000001
0.0000325	935445	203415	-0.000006
0.0000750	904558	198562	-0.000007
0.0000650	900146	204739	-0.000016
0.0000575	886908	207386	-0.000015
0.0000925	886908	214888	-0.000015
0.0000800	886908	226360	-0.000016
0.0000700	878083	233420	-0.000022
0.0000925	878083	231214	-0.000023
0.0001000	864846	236509	-0.000031
0.0001050	847196	240039	-0.000030
0.0001125	856021	242245	-0.000031
0.0001175	856021	253718	-0.000033
0.0000800	860433	255483	-0.000036
0.0001300	842783	255483	-0.000039
0.0001575	851608	253718	-0.000046
0.0001575	820721	255483	-0.000044
0.0001425	829546	257689	-0.000045
0.0001800	829546	267396	-0.000048
0.0001925	838371	274456	-0.000051
0.0001950	811896	269161	-0.000052
0.0002150	816309	271809	-0.000059
0.0001825	811896	274015	-0.000058
0.0002300	803071	279310	-0.000058
0.0001825	803071	289459	-0.000055
0.0001900	807484	295636	-0.000061
0.0002175	798659	294312	-0.000061
0.0002300	789834	297401	-0.000067
0.0002200	794246	301372	-0.000064
0.0002500	789834	302696	-0.000064
0.0002475	776596	315051	-0.000066
0.0002800	789834	321228	-0.000068
0.0002800	794246	322552	-0.000069
0.0002925	785421	325641	-0.000071
0.0002875	776596	327847	-0.000074
0.0003075	781009	330053	-0.000072
0.0002550	772184	329612	-0.000073
0.0003375	776596	333583	-0.000073
0.0003325	772184	334466	-0.000076
0.0003325	772184	338437	-0.000077
0.0003175	767771	337996	-0.000079
0.0003450	763359	337555	-0.000078
0.0003175	763359	337113	-0.000080
0.0003425	750121	334466	-0.000078
0.0003450	754534	335348	-0.000082
0.0003525	758946	336231	-0.000082
0.0003550	750121	347262	-0.000083
0.0003900	750121	348145	-0.000085
0.0003750	750121	346821	-0.000087
0.0004100	745709	347703	-0.000089
0.0004325	741296	349468	-0.000088
0.0004375	736884	356528	-0.000088
0.0004225	728059	365353	-0.000089
0.0004100	741296	372854	-0.000090
0.0004350	741296	370648	-0.000091
0.0004825	741296	375502	-0.000094
0.0004250	728059	380356	-0.000095
0.0005100	736884	383886	-0.000095
0.0004550	732471	393593	-0.000094
0.0005300	736884	399771	-0.000094
0.0005250	750121	401094	-0.000097
0.0004875	723646	401536	-0.000095
0.0004675	714822	404624	-0.000097
0.0005175	723646	408154	-0.000098
0.0004550	723646	419627	-0.000097
0.0005500	723646	424480	-0.000097
0.0005675	728059	420509	-0.000099
0.0005175	714822	425363	-0.000100
0.0005350	714822	429334	-0.000100
0.0005575	728059	431540	-0.000100
0.0005675	723646	441689	-0.000101
0.0005650	719234	446102	-0.000101
0.0005800	723646	445660	-0.000101
0.0006125	719234	446984	-0.000101
0.0005625	701584	450073	-0.000099
0.0006175	728059	452279	-0.000103
0.0005650	719234	464193	-0.000101
0.0005950	705997	468164	-0.000098
0.0006000	710409	464193	-0.000100
0.0006325	719234	468605	-0.000099
0.0006900	723646	469046	-0.000102
0.0006825	723646	473900	-0.000102
0.0006750	719234	483608	-0.000101
0.0006575	710409	491991	-0.000100
0.0006575	723646	488903	-0.000102
0.0006850	736884	494198	-0.000098
0.0006800	723646	494198	-0.000100
0.0007050	710409	495080	-0.000101
0.0006775	723646	503905	-0.000103
0.0007175	723646	504788	-0.000099
0.0007100	723646	503464	-0.000098
0.0007050	714822	505229	-0.000100
0.0007450	719234	504788	-0.000099
0.0007350	719234	504788	-0.000101
0.0007300	719234	514054	-0.000100
0.0007425	714822	514495	-0.000098
0.0007625	719234	510524	-0.000098
0.0007500	732471	512730	-0.000096
0.0008175	719234	513612	-0.000098
0.0007550	719234	515819	-0.000099
0.0007825	723646	517142	-0.000098
0.0008375	728059	517584	-0.000098
0.0008400	723646	520231	-0.000100
0.0008075	723646	521114	-0.000100
0.0008325	723646	518907	-0.000098
0.0008400	719234	519349	-0.000101
0.0007975	710409	521996	-0.000099
0.0008700	714822	523761	-0.000099
0.0008350	732471	526409	-0.000098
0.0008375	714822	529056	-0.000102
0.0008775	723646	535234	-0.000101
0.0008550	719234	540529	-0.000099
0.0009125	732471	535675	-0.000101
0.0009125	723646	537440	-0.000093
0.0008900	745709	540970	-0.000096
0.0008750	723646	544500	-0.000097
0.0008950	723646	550677	-0.000100
0.0009550	728059	553766	-0.000097
0.0009250	728059	550236	-0.000096
0.0009675	719234	549354	-0.000095
0.0009250	741296	554207	-0.000097
0.0009675	732471	552884	-0.000097
0.0009450	728059	560385	-0.000097
0.0009750	728059	561267	-0.000094
0.0009925	732471	559502	-0.000096
0.0010050	728059	560385	-0.000093
0.0009825	736884	563474	-0.000095
0.0010400	750121	565680	-0.000093
0.0010550	728059	571416	-0.000095
0.0010075	732471	574946	-0.000094
0.0010375	728059	569651	-0.000095
0.0010550	732471	569210	-0.000091
0.0010700	728059	569210	-0.000091
0.0010950	736884	567445	-0.000094
0.0009950	732471	570975	-0.000094
0.0010250	728059	571416	-0.000091
0.0010250	728059	567003	-0.000094
0.0010800	736884	565680	-0.000089
0.0011075	741296	565680	-0.000094
0.0010775	728059	567003	-0.000094
0.0010925	745709	571857	-0.000093
0.0010950	741296	575828	-0.000089
0.0011050	750121	572298	-0.000091
0.0011175	728059	577593	-0.000087
0.0011400	745709	580241	-0.000087
0.0011575	745709	583330	-0.000091
0.0011250	745709	589948	-0.000090
0.0011675	741296	591272	-0.000085
0.0011600	750121	590390	-0.000088
0.0011675	745709	587742	-0.000085
0.0012200	754534	588183	-0.000087
0.0011825	745709	587301	-0.000089
0.0011975	745709	589948	-0.000087
0.0011875	741296	591713	-0.000086
0.0012000	758946	592596	-0.000090
0.0012300	750121	589948	-0.000082
0.0012450	767771	592155	-0.000086
0.0012850	754534	595685	-0.000086
0.0012675	750121	594802	-0.000086
0.0013050	758946	598332	-0.000085
0.0012725	758946	601421	-0.000088
0.0012600	758946	604510	-0.000082
0.0012500	750121	609805	-0.000087
0.0012900	750121	607157	-0.000082
0.0012900	750121	602303	-0.000084
0.0013225	763359	602745	-0.000078
0.0013250	754534	600097	-0.000082
0.0013075	750121	599656	-0.000080
0.0013200	754534	607157	-0.000080
0.0013300	758946	608922	-0.000080
0.0013300	758946	604510	-0.000082
0.0013300	750121	601421	-0.000079
0.0013850	758946	603186	-0.000082
0.0013875	758946	608040	-0.000082
0.0013575	750121	615541	-0.000082
0.0013900	754534	619512	-0.000081
0.0013725	767771	618188	-0.000078
0.0014475	767771	618629	-0.000079
0.0014250	767771	620394	-0.000082
0.0014150	767771	621277	-0.000081
0.0014250	758946	625689	-0.000079
0.0014700	758946	630984	-0.000077
0.0014650	772184	628778	-0.000079
0.0014550	758946	628778	-0.000076
0.0014450	772184	630102	-0.000077
0.0014950	772184	630984	-0.000078
0.0014625	772184	634956	-0.000077
0.0014675	772184	638927	-0.000076
0.0014525	767771	636279	-0.000077
0.0015425	772184	640251	-0.000074
0.0014900	776596	642457	-0.000076
0.0014875	763359	641133	-0.000072
0.0015100	767771	645546	-0.000074
0.0015250	767771	646428	-0.000071
0.0015450	772184	642457	-0.000074
0.0015950	776596	643339	-0.000070
0.0015600	781009	645546	-0.000072
0.0015875	789834	645546	-0.000070
0.0015300	767771	648193	-0.000071
0.0016075	776596	645546	-0.000069
0.0016075	776596	641574	-0.000070
0.0016050	772184	643339	-0.000069
0.0016700	785421	645546	-0.000069
0.0016100	785421	650399	-0.000069
0.0016325	785421	656136	-0.000069
0.0016550	772184	658342	-0.000063
0.0016500	789834	655253	-0.000066
0.0016650	789834	656577	-0.000062
0.0016175	785421	660107	-0.000063
0.0016725	789834	658783	-0.000066
0.0016375	785421	661872	-0.000063
0.0016550	794246	662313	-0.000063
0.0016500	798659	661872	-0.000065
0.0016800	794246	661431	-0.000061
0.0016775	798659	664078	-0.000058
0.0016750	807484	663196	-0.000061
0.0017325	798659	662313	-0.000062
0.0017225	794246	661431	-0.000060
0.0017250	794246	659666	-0.000057
0.0017425	803071	664961	-0.000060
0.0017750	807484	668049	-0.000062
0.0018000	811896	669814	-0.000057
0.0017750	803071	664519	-0.000058
0.0017500	798659	662313	-0.000055
0.0018050	807484	658342	-0.000055
0.0018075	803071	660989	-0.000056
0.0017425	825133	669373	-0.000057
0.0017875	807484	669373	-0.000055
0.0018150	816309	664519	-0.000055
0.0018025	811896	664519	-0.000052
0.0018725	825133	664078	-0.000055
0.0018175	807484	666284	-0.000053
0.0018375	816309	672020	-0.000055
0.0018375	811896	675109	-0.000054
0.0018525	803071	672903	-0.000051
0.0018375	820721	671579	-0.000051
0.0018925	820721	672462	-0.000050
0.0018950	816309	675109	-0.000052
0.0018825	811896	682610	-0.000055
0.0019500	816309	681287	-0.000051
0.0019600	829546	679522	-0.000051
0.0019500	820721	678198	-0.000050
0.0019675	811896	681728	-0.000049
0.0019500	825133	682610	-0.000051
0.0019575	816309	689670	-0.000051
0.0019250	825133	690994	-0.000048
0.0019925	820721	684817	-0.000051
0.0020125	820721	684375	-0.000046
0.0020225	833958	683934	-0.000050
0.0020000	829546	687905	-0.000048
0.0020025	829546	694524	-0.000048
0.0019925	825133	695407	-0.000045
0.0020050	829546	691877	-0.000045
0.0020300	825133	691877	-0.000040
0.0020175	825133	692759	-0.000045
0.0020100	838371	690994	-0.000045
0.0020375	825133	696730	-0.000045
0.0020575	825133	698495	-0.000042
0.0020550	829546	697613	-0.000042
0.0020800	829546	696730	-0.000041
0.0021000	842783	697172	-0.000043
0.0020500	833958	697613	-0.000042
0.0020625	833958	700702	-0.000044
0.0020925	838371	702025	-0.000042
0.0021175	847196	699378	-0.000043
0.0021275	825133	707320	-0.000038
0.0021375	847196	708203	-0.000042
0.0021125	833958	709527	-0.000041
0.0021425	833958	712615	-0.000039
0.0021625	829546	712174	-0.000041
0.0021875	842783	705997	-0.000042
0.0022125	833958	705997	-0.000040
0.0021850	842783	707762	-0.000040
0.0021600	842783	707762	-0.000040
0.0022050	847196	705555	-0.000039
0.0021950	833958	702467	-0.000036
0.0022525	842783	705555	-0.000040
0.0022750	842783	705555	-0.000036
0.0022450	851608	708203	-0.000037
0.0022300	838371	713057	-0.000035
0.0022875	847196	715263	-0.000039
0.0022475	838371	717910	-0.000030
0.0022200	842783	720558	-0.000032
0.0022525	856021	720116	-0.000033
0.0022275	847196	729824	-0.000033
0.0022700	842783	729824	-0.000030
0.0023175	860433	726294	-0.000032
0.0023550	856021	727618	-0.000029
0.0022575	847196	728941	-0.000030
0.0023000	856021	728059	-0.000032
0.0022800	847196	736001	-0.000032
0.0023600	856021	738208	-0.000029
0.0023750	860433	730706	-0.000028
0.0023625	869258	733795	-0.000026
0.0023300	869258	733354	-0.000028
0.0023575	860433	738208	-0.000029
0.0023275	869258	743503	-0.000026
0.0023725	860433	745709	-0.000027
0.0023650	869258	742179	-0.000025
0.0023825	860433	746150	-0.000024
0.0023925	878083	749239	-0.000023
0.0024125	869258	749239	-0.000026
0.0024050	873671	758946	-0.000024
0.0024200	873671	762918	-0.000022
0.0024275	878083	759829	-0.000024
0.0024425	864846	761594	-0.000021
0.0024650	869258	764241	-0.000019
0.0024300	869258	765565	-0.000019
0.0024250	869258	771301	-0.000021
0.0024700	886908	774390	-0.000018
0.0024675	878083	768654	-0.000018
0.0025050	869258	773507	-0.000015
0.0025600	900146	774390	-0.000017
0.0025375	886908	775714	-0.000016
0.0024725	882496	783215	-0.000019
0.0025100	891321	783215	-0.000015
0.0025575	895733	778361	-0.000015
0.0025550	886908	780126	-0.000013
0.0025350	886908	783215	-0.000016
0.0025650	891321	781450	-0.000016
0.0025500	895733	788069	-0.000015
0.0025550	882496	788510	-0.000011
0.0025675	904558	785862	-0.000013
0.0026100	900146	786745	-0.000010
0.0025925	891321	787627	-0.000009
0.0025925	904558	788069	-0.000012
0.0026100	895733	789834	-0.000009
0.0026575	900146	791157	-0.000007
0.0026425	904558	791599	-0.000010
0.0026250	895733	796011	-0.000004
0.0027000	908971	796894	-0.000009
0.0026325	913383	798659	-0.000007
0.0026525	913383	799982	-0.000007
0.0026575	895733	798217	-0.000003
0.0026750	908971	798217	-0.000005
0.0026675	900146	802189	-0.000003
0.0026475	904558	809690	-0.000005
0.0027000	900146	811896	-0.000001
0.0026750	908971	807484	-0.000002
0.0027200	904558	807484	-0.000001
0.0027300	926620	810131	-0.000002
0.0027425	913383	812779	-0.000002
0.0027250	917796	818074	-0.000002
0.0027950	917796	823810	-0.000001
0.0027450	935445	820280	0.000000
0.0027525	908971	818074	0.000005
0.0028100	931033	818956	0.000004
0.0027450	926620	817632	0.000002
0.0027875	926620	826457	0.000002
0.0027775	922208	827781	0.000003
0.0027800	926620	824692	0.000004
0.0028550	931033	822486	0.000005
0.0028350	931033	825133	0.000004
0.0028025	917796	824692	0.000008
0.0027650	931033	833517	0.000005
0.0028350	931033	837930	0.000010
0.0028175	931033	835723	0.000007
0.0028800	931033	840577	0.000010
0.0028575	939858	841460	0.000010
0.0028925	939858	842342	0.000008
0.0028825	939858	849402	0.000008
0.0029000	935445	852491	0.000011
0.0028925	948683	849843	0.000010
0.0028950	935445	850285	0.000015
0.0029000	931033	849402	0.000011
0.0029225	948683	851167	0.000013
0.0029000	948683	857345	0.000012
0.0029500	926620	857345	0.000015
0.0029450	957508	851608	0.000017
0.0029675	944270	851608	0.000018
0.0029675	961920	852932	0.000018
0.0029575	970745	854256	0.000016
0.0029625	953095	859551	0.000018
0.0030175	961920	863522	0.000017
0.0030175	957508	861316	0.000020
0.0029950	961920	864846	0.000022
0.0030325	970745	866170	0.000023
0.0030150	966333	866170	0.000024
0.0030175	957508	875436	0.000023
0.0030200	966333	878083	0.000022
0.0030250	957508	874553	0.000022
0.0031000	975158	877201	0.000024
0.0030900	975158	879848	0.000024
0.0030775	983983	879848	0.000028
0.0030375	970745	881613	0.000025
0.0031175	975158	880731	0.000031
0.0030950	983983	881172	0.000031
0.0031125	966333	884702	0.000030
0.0031350	979570	884702	0.000031
0.0031275	988395	885584	0.000031
0.0031250	988395	886908	0.000029
0.0031350	988395	886908	0.000031
0.0031475	983983	889997	0.000032
0.0031150	992808	889997	0.000033
0.0031800	975158	897939	0.000030
0.0031450	988395	899263	0.000035
0.0031925	997220	897498	0.000034
0.0031700	983983	898822	0.000038
0.0032175	992808	901028	0.000036
0.0032125	997220	903676	0.000034
0.0032050	988395	910294	0.000036
0.0032050	997220	914266	0.000039
0.0032175	997220	908529	0.000041
0.0032275	997220	911618	0.000042
0.0032375	1001633	912059	0.000042
0.0032175	1006045	914707	0.000043
0.0032225	997220	919561	0.000039
0.0032250	997220	922208	0.000044
0.0032975	1010458	918237	0.000045
0.0033125	1001633	918678	0.000046
0.0033075	1014870	922208	0.000045
0.0032875	1019283	920884	0.000046
0.0032875	1014870	930592	0.000047
0.0033025	997220	931474	0.000049
0.0032850	1006045	928827	0.000050
0.0033250	1019283	930592	0.000054
0.0033600	1028107	934122	0.000052
0.0033125	1023695	936328	0.000051
0.0033300	1023695	944712	0.000052
0.0033625	1019283	949124	0.000055
0.0033850	1019283	943829	0.000055
0.0034100	1019283	948683	0.000057
0.0034125	1023695	948242	0.000057
0.0034025	1028107	951772	0.000056
0.0034025	1041345	957508	0.000055
0.0034225	1028107	959714	0.000059
0.0034550	1050170	955302	0.000057
0.0034350	1028107	956184	0.000062
0.0034000	1041345	956184	0.000060
0.0034450	1041345	958832	0.000061
0.0034050	1045757	966774	0.000061
0.0034450	1050170	971628	0.000065
0.0034475	1050170	970304	0.000062
0.0034625	1036932	970304	0.000070
0.0034725	1058995	972069	0.000066
0.0034825	1050170	973393	0.000067
0.0034500	1058995	982218	0.000069
0.0035250	1050170	983983	0.000067
0.0034825	1063407	982218	0.000068
0.0035300	1054582	980894	0.000072
0.0035325	1058995	982218	0.000071
0.0035425	1063407	979570	0.000069
0.0035300	1050170	985748	0.000071
0.0035675	1058995	990160	0.000074
0.0035800	1072232	987954	0.000073
0.0036025	1063407	987071	0.000075
0.0036175	1067820	989719	0.000075
0.0035575	1067820	992808	0.000078
0.0035900	1067820	994573	0.000075
0.0035900	1067820	999426	0.000077
0.0036000	1085470	1001191	0.000077
0.0036100	1072232	1003398	0.000082
0.0036125	1076645	1004721	0.000081
0.0036525	1076645	1006486	0.000080
0.0036250	1089882	1011340	0.000080
0.0037075	1081057	1015311	0.000085
0.0036575	1089882	1017076	0.000084
0.0036950	1085470	1017959	0.000081
0.0036775	1094295	1027666	0.000082
0.0036850	1081057	1029872	0.000085
0.0036925	1085470	1025901	0.000087
0.0036875	1089882	1028549	0.000089
0.0037025	1094295	1030755	0.000090
0.0036875	1094295	1032961	0.000087
0.0037050	1094295	1037374	0.000090
0.0036850	1098707	1040462	0.000090
0.0037550	1098707	1036050	0.000091
0.0037375	1098707	1039139	0.000094
0.0037400	1111945	1038256	0.000094
0.0037500	1107532	1036491	0.000092
0.0037375	1103120	1044434	0.000093
0.0038050	1111945	1043992	0.000095
0.0037575	1111945	1040021	0.000097
0.0037950	1111945	1038256	0.000098
0.0038075	1116357	1038697	0.000101
0.0037825	1116357	1039139	0.000099
0.0038050	1125182	1046640	0.000099
0.0038275	1103120	1048405	0.000103
0.0038375	1129594	1046640	0.000102
0.0038525	1125182	1050611	0.000106
0.0038375	1129594	1051935	0.000104
0.0038550	1138419	1055465	0.000104
0.0038325	1125182	1062966	0.000105
0.0038975	1120770	1068261	0.000109
0.0039125	1142832	1066055	0.000108
0.0039000	1134007	1066496	0.000109
0.0039250	1142832	1068702	0.000109
0.0039050	1142832	1069144	0.000109
0.0039075	1142832	1077086	0.000111
0.0039700	1138419	1080175	0.000111
0.0039425	1142832	1075762	0.000114
0.0039700	1147244	1077527	0.000114
0.0039375	1142832	1080616	0.000116
0.0039425	1151657	1080175	0.000115
0.0039450	1142832	1088558	0.000115
0.0040300	1147244	1092530	0.000118
0.0040175	1156069	1088558	0.000116
0.0040175	1160482	1093412	0.000121
0.0039450	1164894	1093853	0.000121
0.0040375	1160482	1093853	0.000120
0.0039825	1156069	1095618	0.000122
0.0040425	1160482	1097383	0.000121
0.0040125	1160482	1097825	0.000124
0.0040825	1164894	1101796	0.000126
0.0040500	1169307	1103120	0.000127
0.0040750	1178132	1105326	0.000124
0.0040550	1173719	1105326	0.000125
0.0040950	1173719	1103120	0.000125
0.0040725	1182544	1104443	0.000129
0.0040825	1178132	1107973	0.000127
0.0040650	1169307	1117240	0.000127
0.0041375	1178132	1122976	0.000131
0.0040675	1186957	1120328	0.000133
0.0041350	1173719	1122535	0.000135
0.0041350	1191369	1126065	0.000134
0.0041425	1182544	1124741	0.000136
0.0040750	1191369	1135331	0.000133
0.0041600	1186957	1140184	0.000136
0.0041900	1195782	1138419	0.000138
0.0041700	1191369	1136654	0.000140
0.0041800	1209019	1139302	0.000142
0.0041750	1195782	1137537	0.000139
0.0041750	1191369	1143273	0.000142
0.0042125	1209019	1147244	0.000142
0.0042050	1200194	1139743	0.000142
0.0042675	1209019	1142391	0.000146
0.0042300	1209019	1141067	0.000146
0.0042250	1209019	1141949	0.000147
0.0042025	1200194	1148568	0.000147
0.0042600	1200194	1152098	0.000150
0.0042600	1209019	1144597	0.000149
0.0042825	1213432	1145921	0.000152
0.0042750	1222257	1147244	0.000151
0.0043100	1222257	1146362	0.000150
0.0042750	1209019	1155187	0.000154
0.0042350	1217844	1159158	0.000153
0.0043200	1226669	1154304	0.000153
0.0043500	1222257	1153863	0.000158
0.0043375	1231081	1154304	0.000156
0.0042875	1226669	1157393	0.000156
0.0043200	1239906	1167101	0.000157
0.0043800	1235494	1172837	0.000157
0.0043925	1239906	1167983	0.000159
0.0043475	1217844	1170631	0.000166
0.0043975	1248731	1173278	0.000162
0.0043425	1239906	1172837	0.000164
0.0043725	1239906	1182103	0.000162
0.0043875	1239906	1184309	0.000167
0.0044100	1253144	1179897	0.000164
0.0044575	1253144	1179456	0.000168
0.0043850	1257556	1179014	0.000169
0.0044350	1266381	1177249	0.000168
0.0044100	1261969	1185192	0.000166
0.0044675	1253144	1188722	0.000171
0.0044825	1261969	1180338	0.000172
0.0044525	1253144	1182985	0.000175
0.0044575	1275206	1184750	0.000177
0.0044775	1266381	1188722	0.000173
0.0044675	1261969	1189604	0.000175
0.0044950	1261969	1190487	0.000178
0.0044775	1275206	1194017	0.000175
0.0045175	1279619	1192693	0.000179
0.0045125	1284031	1196223	0.000182
0.0045425	1279619	1193134	0.000180
0.0045625	1279619	1197547	0.000180
0.0045450	1275206	1198429	0.000182
0.0045950	1284031	1201077	0.000183
0.0045550	1292856	1200194	0.000184
0.0045700	1279619	1209019	0.000183
0.0045925	1292856	1213873	0.000186
0.0045200	1292856	1209460	0.000187
0.0045800	1288444	1212990	0.000191
0.0045725	1301681	1215638	0.000190
0.0046425	1297269	1218727	0.000188
0.0046025	1301681	1227993	0.000187
0.0046300	1297269	1232405	0.000195
0.0046425	1306094	1229317	0.000191
0.0046250	1301681	1231964	0.000196
0.0046575	1319331	1235053	0.000195
0.0046550	1314919	1234611	0.000195
0.0046625	1310506	1244760	0.000195
0.0046875	1306094	1245643	0.000200
0.0046775	1323744	1240789	0.000196
0.0047000	1323744	1242554	0.000201
0.0046750	1319331	1243878	0.000202
0.0047100	1328156	1246525	0.000200
0.0046925	1319331	1254468	0.000201
0.0047125	1328156	1257998	0.000204
0.0047000	1332569	1249614	0.000204
0.0047500	1328156	1252261	0.000209
0.0047425	1345806	1251820	0.000209
0.0047550	1341393	1256674	0.000208
0.0047275	1336981	1264175	0.000208
0.0047550	1341393	1265940	0.000209
0.0047800	1336981	1259321	0.000213
0.0048200	1332569	1258439	0.000212
0.0048475	1345806	1258880	0.000213
0.0047950	1341393	1261086	0.000216
0.0048325	1350218	1273441	0.000213
0.0048375	1350218	1277413	0.000217
0.0048400	1350218	1271235	0.000217
0.0048550	1350218	1274324	0.000221
0.0048925	1363456	1275206	0.000220
0.0048575	1354631	1277413	0.000218
0.0048575	1359043	1286237	0.000221
0.0048575	1350218	1288885	0.000223
0.0049200	1359043	1284472	0.000222
0.0048075	1363456	1284472	0.000227
0.0048950	1376693	1284914	0.000225
0.0049000	1372281	1285796	0.000224
0.0048925	1385518	1298151	0.000225
0.0049000	1367868	1296386	0.000231
0.0049475	1376693	1293739	0.000227
0.0049250	1372281	1295945	0.000234
0.0049425	1389931	1298151	0.000232
0.0049675	1381106	1301681	0.000234
0.0049300	1381106	1310506	0.000233
0.0049550	1381106	1317125	0.000237
0.0050075	1398756	1312712	0.000235
0.0049825	1385518	1312712	0.000241
0.0049925	1398756	1313154	0.000239
0.0050050	1411993	1318890	0.000238
0.0049900	1394343	1319772	0.000236
0.0050300	1394343	1320655	0.000242
0.0050325	1416406	1321537	0.000241
0.0050350	1416406	1321096	0.000246
0.0050550	1416406	1321537	0.000244
0.0050250	1407581	1318890	0.000245
0.0050525	1411993	1321096	0.000245
0.0050500	1403168	1321979	0.000250
0.0050400	1411993	1322420	0.000249
0.0050600	1416406	1321096	0.000248
0.0050650	1416406	1329480	0.000249
0.0050950	1420818	1330804	0.000252
0.0050850	1429643	1328597	0.000252
0.0051500	1420818	1329921	0.000256
0.0051275	1425231	1332569	0.000253
0.0051425	1429643	1336540	0.000253
0.0051250	1425231	1346688	0.000253
0.0051625	1425231	1350218	0.000258
0.0051650	1429643	1347571	0.000258
0.0051800	1434056	1348895	0.000261
0.0051600	1442880	1350218	0.000261
0.0051550	1429643	1351983	0.000264
0.0052000	1447293	1360808	0.000261
0.0051925	1447293	1363015	0.000264
0.0051750	1447293	1358161	0.000264
0.0052425	1438468	1357720	0.000266
0.0052650	1451705	1358161	0.000266
0.0051925	1447293	1360367	0.000267
0.0051675	1438468	1370075	0.000267
0.0052950	1460530	1374046	0.000271
0.0052825	1456118	1370957	0.000270
0.0052625	1447293	1374046	0.000271
0.0052750	1478180	1374046	0.000276
0.0053175	1464943	1374046	0.000275
0.0052775	1469355	1381988	0.000275
0.0052800	1469355	1384195	0.000275
0.0053175	1478180	1381988	0.000278
0.0053675	1482593	1381988	0.000279
0.0053225	1469355	1381106	0.000280
0.0053200	1478180	1379341	0.000280
0.0053300	1478180	1387283	0.000282
0.0053375	1473768	1390372	0.000285
0.0053425	1487005	1385077	0.000284
0.0053675	1482593	1389048	0.000288
0.0053500	1495830	1391254	0.000285
0.0053675	1491418	1395226	0.000286
0.0053550	1504655	1400079	0.000287
0.0054000	1495830	1403609	0.000292
0.0054325	1504655	1398314	0.000291
0.0054425	1504655	1400079	0.000292
0.0054075	1509068	1400521	0.000293
0.0054350	1504655	1399638	0.000291
0.0054200	1495830	1408904	0.000292
0.0054375	1500243	1409346	0.000295
0.0054375	1513480	1405816	0.000296
0.0054825	1517893	1402286	0.000298
0.0054950	1513480	1404492	0.000300
0.0054750	1513480	1405374	0.000300
0.0054825	1517893	1408463	0.000299
0.0055275	1513480	1411111	0.000301
0.0054900	1526718	1411111	0.000301
0.0054975	1513480	1415964	0.000303
0.0055325	1526718	1416406	0.000304
0.0055125	1526718	1419936	0.000303
0.0055200	1531130	1417288	0.000305
0.0055525	1517893	1419936	0.000307
0.0055675	1517893	1419936	0.000308
0.0055200	1526718	1420818	0.000307
0.0055300	1531130	1429643	0.000305
0.0056175	1531130	1434497	0.000310
0.0055550	1531130	1433173	0.000309
0.0055800	1535543	1434056	0.000313
0.0055975	1539955	1437144	0.000312
0.0055950	1539955	1438909	0.000313
0.0056175	1544367	1451264	0.000313
0.0056350	1544367	1456559	0.000316
0.0056550	1544367	1454794	0.000313
0.0056450	1553192	1457883	0.000317
0.0056050	1548780	1460972	0.000317
0.0056475	1548780	1461413	0.000321
0.0056450	1553192	1468914	0.000317
0.0056525	1548780	1470679	0.000321
0.0056875	1562017	1468032	0.000321
0.0056875	1553192	1469797	0.000324
0.0056875	1562017	1471120	0.000323
0.0056775	1566430	1472003	0.000325
0.0056925	1557605	1479063	0.000326
0.0057500	1562017	1483034	0.000326
0.0057150	1562017	1474650	0.000328
0.0057175	1566430	1475974	0.000332
0.0057600	1566430	1477739	0.000330
0.0057550	1579667	1479504	0.000330
0.0057375	1588492	1486123	0.000328
0.0057675	1566430	1490976	0.000333
0.0057950	1575255	1487446	0.000331
0.0058475	1588492	1487446	0.000335
0.0057850	1584080	1487888	0.000336
0.0058150	1588492	1487005	0.000337
0.0058025	1584080	1497154	0.000338
0.0058450	1588492	1498919	0.000339
0.0058000	1597317	1495389	0.000339
0.0058500	1597317	1494065	0.000344
0.0057975	1601730	1497595	0.000341
0.0058925	1601730	1497595	0.000341
0.0058000	1597317	1504214	0.000342
0.0059000	1592905	1509509	0.000342
0.0058625	1614967	1509068	0.000344
0.0058925	1610555	1513480	0.000346
0.0058725	1614967	1514363	0.000346
0.0058575	1606142	1520099	0.000348
0.0059375	1619380	1518775	0.000347
0.0058950	1619380	1523188	0.000350
0.0058975	1623792	1524070	0.000354
0.0059675	1619380	1520981	0.000353
0.0059600	1623792	1523629	0.000352
0.0059250	1623792	1522746	0.000351
0.0059400	1632617	1520540	0.000352
0.0059875	1628205	1517451	0.000355
0.0059900	1632617	1517893	0.000355
0.0059675	1623792	1516128	0.000355
0.0059575	1628205	1524953	0.000355
0.0059800	1623792	1528041	0.000360
0.0060050	1637030	1522305	0.000359
0.0060550	1641442	1526718	0.000360
0.0060175	1641442	1528041	0.000359
0.0060600	1641442	1529365	0.000361
0.0060600	1645854	1538631	0.000361
0.0060425	1632617	1540837	0.000364
0.0060775	1645854	1536866	0.000365
0.0060575	1632617	1535101	0.000369
0.0060675	1654679	1536866	0.000367
0.0060750	1654679	1534660	0.000364
0.0060775	1654679	1541720	0.000369
0.0060925	1650267	1543044	0.000370
0.0060950	1663504	1536866	0.000372
0.0061125	1654679	1537308	0.000376
0.0061000	1654679	1535984	0.000374
0.0061600	1667917	1538631	0.000373
0.0061775	1667917	1547897	0.000373
0.0061450	1654679	1552310	0.000378
0.0061650	1681154	1547456	0.000375
0.0061625	1663504	1549662	0.000378
0.0062025	1681154	1552310	0.000376
0.0061450	1676742	1553634	0.000377
0.0061575	1672329	1563782	0.000378
0.0061525	1667917	1565989	0.000382
0.0062050	1685567	1563782	0.000385
0.0062000	1676742	1564665	0.000385
0.0062175	1681154	1565989	0.000386
0.0062175	1689979	1566871	0.000386
0.0062250	1689979	1577461	0.000384
0.0062175	1689979	1582756	0.000388
0.0062150	1694392	1577020	0.000388
0.0063000	1694392	1581874	0.000392
0.0062775	1707629	1582315	0.000388
0.0062900	1707629	1584521	0.000389
0.0062700	1698804	1594228	0.000389
0.0062950	1712042	1603495	0.000395
0.0063025	1716454	1601288	0.000394
0.0063300	1703217	1605260	0.000397
0.0063250	1716454	1608790	0.000395
0.0063100	1707629	1608790	0.000398
0.0063250	1720867	1622027	0.000395
0.0063300	1712042	1622468	0.000400
0.0063525	1712042	1620703	0.000401
0.0063650	1716454	1625557	0.000403
0.0063750	1725279	1625557	0.000399
0.0063500	1712042	1623792	0.000401
0.0063450	1720867	1631293	0.000401
0.0064275	1720867	1635265	0.000405
0.0064050	1734104	1627763	0.000404
0.0064125	1725279	1631735	0.000406
0.0064500	1734104	1629970	0.000408
0.0064550	1734104	1632617	0.000407
0.0064525	1747341	1633941	0.000407
0.0064550	1729692	1634823	0.000410
0.0064550	1738517	1637030	0.000410
0.0064825	1729692	1636147	0.000412
0.0064875	1751754	1638353	0.000413
0.0064950	1756166	1638795	0.000410
0.0065325	1747341	1644531	0.000412
0.0064950	1738517	1644972	0.000415
0.0065200	1747341	1648502	0.000417
0.0064925	1751754	1650267	0.000416
0.0064450	1747341	1659092	0.000416
0.0065625	1747341	1666593	0.000417
0.0065050	1756166	1664387	0.000418
0.0065425	1747341	1669682	0.000422
0.0065675	1764991	1671888	0.000421
0.0065500	1769404	1674977	0.000420
0.0065325	1764991	1683802	0.000420
0.0066050	1769404	1687773	0.000425
0.0065425	1760579	1682919	0.000424
0.0065675	1760579	1685126	0.000426
0.0065675	1769404	1686891	0.000428
0.0065900	1769404	1684684	0.000426
0.0066175	1773816	1691744	0.000426
0.0066300	1773816	1692627	0.000432
0.0066200	1773816	1688214	0.000430
0.0066175	1773816	1689097	0.000433
0.0066600	1791466	1689979	0.000432
0.0066825	1791466	1691744	0.000433
0.0066425	1791466	1700569	0.000432
0.0066875	1782641	1705423	0.000436
0.0066425	1778229	1698804	0.000436
0.0066950	1795879	1700128	0.000437
0.0066975	1791466	1703658	0.000440
0.0066675	1800291	1705864	0.000441
0.0067175	1795879	1713807	0.000438
0.0067175	1787054	1716895	0.000442
0.0067650	1795879	1712924	0.000442
0.0067775	1804704	1712924	0.000443
0.0067950	1813529	1716895	0.000444
0.0067475	1795879	1717337	0.000445
0.0067350	1800291	1730133	0.000443
0.0067775	1809116	1734987	0.000446
0.0067900	1813529	1728368	0.000446
0.0068100	1809116	1728809	0.000452
0.0068450	1826766	1732780	0.000450
0.0067800	1822354	1734104	0.000451
0.0067950	1809116	1742047	0.000451
0.0068175	1822354	1748665	0.000452
0.0068525	1822354	1744694	0.000451
0.0067925	1822354	1746018	0.000456
0.0068750	1840004	1746018	0.000456
0.0068575	1835591	1745135	0.000455
0.0068625	1826766	1756608	0.000452
0.0068875	1822354	1761461	0.000458
0.0068750	1840004	1757931	0.000459
0.0068800	1822354	1759696	0.000461
0.0068625	1840004	1762344	0.000460
0.0068825	1844416	1763668	0.000462
0.0069100	1840004	1761020	0.000461
0.0069675	1848828	1763668	0.000466
0.0069400	1853241	1767639	0.000463
0.0069550	1844416	1772051	0.000466
0.0069950	1853241	1776023	0.000467
0.0069500	1853241	1780876	0.000467
0.0069275	1857653	1780435	0.000466
0.0069675	1853241	1783965	0.000471
0.0069825	1862066	1785730	0.000469
0.0069325	1848828	1785289	0.000469
0.0069350	1862066	1798085	0.000470
0.0069850	1857653	1801174	0.000475
0.0069825	1866478	1795437	0.000471
0.0070000	1862066	1797644	0.000476
0.0070000	1875303	1800732	0.000476
0.0070250	1870891	1800291	0.000477
0.0070275	1866478	1809116	0.000475
0.0070400	1870891	1813087	0.000482
0.0070125	1870891	1809116	0.000480
0.0070325	1879716	1813087	0.000485
0.0070350	1888541	1814411	0.000483
0.0070675	1875303	1816176	0.000482
0.0071325	1884128	1825001	0.000484
0.0070750	1888541	1828090	0.000486
0.0071525	1888541	1819706	0.000485
0.0071300	1892953	1821030	0.000488
0.0071175	1897366	1825001	0.000490
0.0071300	1888541	1824560	0.000489
0.0070800	1897366	1830737	0.000488
0.0071500	1892953	1831620	0.000491
0.0070950	1897366	1825001	0.000493
0.0071450	1897366	1825001	0.000497
0.0072050	1910603	1825001	0.000495
0.0071800	1915016	1824119	0.000493
0.0071275	1906191	1832502	0.000494
0.0071825	1897366	1837797	0.000499
0.0071900	1915016	1830737	0.000497
0.0072175	1910603	1832944	0.000501
0.0072200	1919428	1835591	0.000501
0.0072325	1923841	1838680	0.000500
0.0072425	1928253	1846181	0.000500
0.0072150	1915016	1847505	0.000502
0.0072600	1932666	1843092	0.000505
0.0072525	1923841	1843092	0.000509
0.0072425	1937078	1846622	0.000506
0.0072450	1928253	1842651	0.000508
0.0072675	1937078	1853241	0.000506
0.0072725	1923841	1854565	0.000511
0.0072625	1937078	1846181	0.000510
0.0073200	1954728	1844416	0.000512
0.0073675	1945903	1848828	0.000513
0.0073750	1941491	1853241	0.000510
0.0073175	1950315	1856330	0.000514
0.0073300	1954728	1858977	0.000517
0.0073625	1945903	1859860	0.000516
0.0073700	1954728	1865155	0.000523
0.0073250	1950315	1866037	0.000521
0.0073475	1954728	1867361	0.000519
0.0073375	1950315	1872215	0.000520
0.0073550	1959140	1875303	0.000522
0.0074025	1967965	1879275	0.000523
0.0074075	1967965	1880598	0.000523
0.0074450	1967965	1889423	0.000523
0.0074325	1959140	1894718	0.000527
0.0074300	1967965	1887217	0.000526
0.0074600	1963553	1888100	0.000528
0.0074675	1972378	1890747	0.000529
0.0073975	1972378	1894277	0.000531
0.0074675	1976790	1907073	0.000527
0.0074175	1963553	1911486	0.000533
0.0074675	1976790	1906632	0.000531
0.0075075	1981203	1909721	0.000534
0.0074750	1990028	1911044	0.000533
0.0075175	1981203	1908838	0.000531
0.0075125	1998853	1919869	0.000534
0.0074875	1994440	1920311	0.000536
0.0075625	2003265	1913251	0.000538
0.0075200	1998853	1913251	0.000540
0.0075450	1998853	1912368	0.000541
0.0075200	1994440	1913251	0.000540
0.0075675	1998853	1920752	0.000540
0.0075925	2003265	1923841	0.000542
0.0075875	2007678	1918546	0.000542
0.0075950	1994440	1922076	0.000546
0.0076150	2012090	1925164	0.000546
0.0075925	2020915	1927812	0.000546
0.0076050	2003265	1937078	0.000545
0.0076425	2020915	1939726	0.000551
0.0076175	2025328	1933548	0.000550
0.0076200	2007678	1933548	0.000553
0.0076175	2029740	1935754	0.000550
0.0076675	2025328	1935754	0.000551
0.0076200	2025328	1946344	0.000553
0.0076500	2034153	1948109	0.000555
0.0076700	2034153	1941491	0.000556
0.0077175	2034153	1943697	0.000557
0.0076950	2047390	1946344	0.000557
0.0076975	2029740	1948992	0.000558
0.0077425	2038565	1962670	0.000556
0.0077375	2034153	1967965	0.000560
0.0077675	2047390	1961347	0.000561
0.0077325	2047390	1963553	0.000562
0.0077300	2047390	1964877	0.000563
0.0077300	2047390	1967083	0.000563
0.0077675	2042978	1977232	0.000564
0.0077950	2047390	1981644	0.000566
0.0077350	2056215	1977232	0.000566
0.0077875	2047390	1976349	0.000567
0.0077850	2065040	1975467	0.000570
0.0077925	2051802	1976790	0.000572
0.0077525	2060627	1980320	0.000571
0.0077950	2051802	1980762	0.000572
0.0078425	2060627	1982968	0.000572
0.0078250	2065040	1984733	0.000577
0.0078325	2078277	1985174	0.000577
0.0078350	2060627	1986939	0.000577
0.0078050	2073865	1987822	0.000576
0.0078475	2060627	1994440	0.000578
0.0078950	2078277	1996205	0.000580
0.0078400	2078277	1997529	0.000578
0.0078850	2078277	2004148	0.000579
0.0079125	2073865	2006795	0.000582
0.0079150	2091515	2002824	0.000581
0.0078925	2069452	2004148	0.000586
0.0079075	2095927	2009001	0.000584
0.0079625	2100340	2008119	0.000585
0.0078950	2091515	2016944	0.000587
0.0079675	2091515	2016503	0.000589
0.0079450	2087102	2010325	0.000588
0.0080075	2095927	2009884	0.000590
0.0079850	2095927	2013855	0.000590
0.0079950	2104752	2018268	0.000591
0.0079325	2091515	2026651	0.000591
0.0080075	2109165	2030623	0.000594
0.0080050	2104752	2021798	0.000594
0.0080225	2113577	2024004	0.000597
0.0080375	2113577	2027534	0.000597
0.0080325	2113577	2030181	0.000597
0.0080300	2109165	2040330	0.000595
0.0080650	2117990	2042536	0.000598
0.0080500	2122402	2035918	0.000601
0.0081000	2117990	2033711	0.000603
0.0081200	2126815	2036359	0.000603
0.0080900	2126815	2035035	0.000603
0.0081200	2122402	2046949	0.000603
0.0080450	2122402	2054009	0.000607
0.0080875	2135640	2048273	0.000604
0.0080675	2122402	2048714	0.000610
0.0080925	2122402	2048714	0.000609
0.0080975	2140052	2049596	0.000607
0.0080950	2126815	2062392	0.000609
0.0081275	2135640	2067246	0.000611
0.0081550	2140052	2059304	0.000610
0.0081700	2135640	2066805	0.000617
0.0081425	2153290	2070335	0.000616
0.0081800	2144465	2065481	0.000615
0.0081575	2144465	2077836	0.000617
0.0081725	2148877	2080925	0.000617
0.0082025	2153290	2077836	0.000616
0.0081800	2166527	2080484	0.000620
0.0081950	2162114	2082249	0.000619
0.0082225	2157702	2084455	0.000620
0.0082425	2175352	2093280	0.000620
0.0082750	2166527	2094162	0.000622
0.0082525	2153290	2085779	0.000624
0.0082875	2170939	2091515	0.000626
0.0082825	2184177	2091074	0.000626
0.0082925	2166527	2096810	0.000628
0.0083025	2184177	2106076	0.000625
0.0083250	2179764	2112695	0.000631
0.0082950	2184177	2105193	0.000627
0.0083175	2188589	2104752	0.000633
0.0083125	2184177	2109165	0.000634
0.0083175	2184177	2109606	0.000631
0.0083775	2188589	2111812	0.000633
0.0083450	2184177	2110488	0.000637
0.0083725	2193002	2112695	0.000636
0.0084075	2193002	2112253	0.000638
0.0083675	2188589	2114018	0.000637
0.0083925	2197414	2113577	0.000640
0.0083800	2197414	2115342	0.000641
0.0083625	2175352	2118431	0.000642
0.0083625	2215064	2119755	0.000641
0.0083775	2193002	2122843	0.000641
0.0083700	2193002	2132992	0.000643
0.0084350	2201827	2140052	0.000645
0.0083900	2201827	2134316	0.000644
0.0084725	2210652	2135640	0.000648
0.0084375	2210652	2140935	0.000649
0.0084800	2215064	2143582	0.000647
0.0084775	2215064	2155054	0.000647
0.0084425	2219477	2160349	0.000650
0.0084675	2228302	2158143	0.000649
0.0084925	2210652	2159026	0.000653
0.0084925	2219477	2162556	0.000654
0.0084925	2223889	2162556	0.000652
0.0085025	2228302	2172704	0.000653
0.0085500	2241539	2177999	0.000658
0.0085300	2232714	2171381	0.000656
0.0085200	2223889	2174469	0.000658
0.0085525	2245952	2176234	0.000660
0.0085750	2245952	2176234	0.000659
0.0085425	2237127	2183736	0.000660
0.0085625	2232714	2189031	0.000663
0.0085475	2237127	2183736	0.000664
0.0085925	2237127	2183736	0.000666
0.0085425	2250364	2185501	0.000667
0.0085950	2245952	2183736	0.000664
0.0086200	2250364	2192561	0.000665
0.0086050	2245952	2194326	0.000669
0.0086450	2272426	2187707	0.000668
0.0086450	2254777	2186824	0.000673
0.0086325	2263601	2178882	0.000673
0.0086475	2263601	2170498	0.000671
0.0086150	2254777	2178882	0.000673
0.0087050	2254777	2182853	0.000674
0.0086925	2272426	2174028	0.000676
0.0086925	2263601	2173587	0.000679
0.0087125	2272426	2176234	0.000679
0.0086425	2272426	2177117	0.000677
0.0087325	2276839	2186824	0.000676
0.0086925	2272426	2187707	0.000681
0.0087625	2290076	2190354	0.000680
0.0087125	2281251	2195649	0.000683
0.0087550	2276839	2197856	0.000682
0.0087325	2281251	2200944	0.000683
0.0087250	2281251	2204916	0.000683
0.0087425	2281251	2208887	0.000686
0.0087700	2298901	2208887	0.000686
0.0087575	2290076	2210652	0.000690
0.0088075	2298901	2206680	0.000689
0.0088175	2298901	2206680	0.000690
0.0087950	2298901	2204033	0.000690
0.0088250	2303314	2204033	0.000691
0.0088625	2312139	2204474	0.000693
0.0088375	2307726	2202709	0.000693
0.0088025	2294489	2217712	0.000691
0.0088750	2307726	2219035	0.000697
0.0088950	2320964	2214182	0.000695
0.0089100	2320964	2214623	0.000698
0.0088925	2307726	2218153	0.000696
0.0088650	2316551	2220800	0.000697
0.0088925	2325376	2235362	0.000698
0.0088900	2320964	2243304	0.000702
0.0089375	2320964	2238892	0.000702
0.0089050	2325376	2241980	0.000706
0.0089300	2320964	2233155	0.000703
0.0089525	2347439	2235803	0.000703
0.0089175	2329789	2245952	0.000702
0.0089325	2320964	2250364	0.000709
0.0089700	2329789	2247275	0.000706
0.0089775	2338614	2253012	0.000710
0.0089850	2338614	2256100	0.000711
0.0089625	2343026	2258748	0.000710
0.0089775	2329789	2269779	0.000711
0.0089875	2334201	2274191	0.000712
0.0089825	2347439	2276839	0.000712
0.0090700	2338614	2279045	0.000714
0.0089950	2347439	2282134	0.000715
0.0090250	2351851	2280810	0.000717
0.0090025	2351851	2294489	0.000716
0.0090500	2351851	2298019	0.000720
0.0090425	2356264	2289194	0.000720
0.0090550	2351851	2289635	0.000720
0.0090625	2360676	2292724	0.000720
0.0090725	2356264	2294489	0.000723
0.0091000	2365088	2303755	0.000722
0.0090625	2356264	2308609	0.000725
0.0091100	2378326	2300666	0.000725
0.0091225	2365088	2304638	0.000731
0.0091325	2382738	2306403	0.000727
0.0091550	2373913	2307285	0.000725
0.0091000	2373913	2319640	0.000728
0.0091425	2382738	2320964	0.000731
0.0091300	2378326	2314345	0.000733
0.0091450	2365088	2313021	0.000733
0.0091925	2391563	2303755	0.000733
0.0091650	2395976	2292724	0.000732
0.0091675	2387151	2301108	0.000734
0.0092225	2400388	2301549	0.000738
0.0092225	2400388	2292283	0.000736
0.0092050	2395976	2292724	0.000739
0.0092675	2404801	2296695	0.000738
0.0092300	2404801	2300666	0.000741
0.0092600	2395976	2309491	0.000742
0.0092775	2400388	2316110	0.000743
0.0092450	2400388	2321846	0.000744
0.0093075	2409213	2334201	0.000747
0.0092875	2409213	2339937	0.000748
0.0092925	2413626	2342585	0.000746
0.0092875	2409213	2343909	0.000746
0.0092750	2409213	2348321	0.000748
0.0092675	2418038	2347880	0.000747
0.0093050	2404801	2348762	0.000751
0.0093550	2426863	2346115	0.000752
0.0093125	2422451	2346556	0.000752
0.0092950	2431276	2343909	0.000752
0.0093100	2409213	2343467	0.000754
0.0093350	2426863	2344350	0.000754
0.0093425	2431276	2348762	0.000754
0.0093900	2435688	2364647	0.000754
0.0093800	2426863	2369942	0.000757
0.0093825	2426863	2367295	0.000754
0.0094000	2440101	2372148	0.000760
0.0094000	2444513	2380973	0.000761
0.0093800	2435688	2381415	0.000762
0.0094025	2431276	2398182	0.000762
0.0094200	2444513	2402595	0.000762
0.0093975	2440101	2397741	0.000764
0.0094450	2444513	2398182	0.000766
0.0094550	2444513	2395976	0.000767
0.0094550	2448926	2394211	0.000765
0.0094950	2466575	2405242	0.000766
0.0095175	2448926	2407448	0.000771
0.0094850	2462163	2396858	0.000769
0.0094925	2453338	2400830	0.000774
0.0095325	2475400	2399947	0.000772
0.0095300	2475400	2404360	0.000773
0.0095025	2457751	2416273	0.000772
0.0095150	2462163	2423333	0.000776
0.0095575	2470988	2419803	0.000776
0.0095475	2470988	2422892	0.000779
0.0095700	2475400	2420686	0.000779
0.0095700	2475400	2418921	0.000778
0.0095375	2475400	2432599	0.000778
0.0095625	2470988	2433923	0.000784
0.0095450	2484225	2427746	0.000782
0.0096325	2484225	2427746	0.000787
0.0095650	2501875	2426422	0.000785
0.0095950	2488638	2426422	0.000785
0.0096100	2501875	2436129	0.000786
0.0096175	2484225	2442307	0.000789
0.0096625	2501875	2439218	0.000789
0.0096325	2493050	2443189	0.000791
0.0096725	2506288	2446719	0.000792
0.0096425	2506288	2449367	0.000793
0.0096325	2506288	2462604	0.000791
0.0097025	2501875	2467458	0.000795
0.0096600	2506288	2462604	0.000793
0.0097000	2506288	2459516	0.000796
0.0096875	2515113	2461281	0.000798
0.0096750	2515113	2459957	0.000798
0.0096950	2528350	2470547	0.000798
0.0097650	2523938	2471870	0.000801
0.0097200	2515113	2464369	0.000804
0.0097400	2510700	2463928	0.000804
0.0097700	2523938	2463928	0.000802
0.0097675	2537175	2463928	0.000804
0.0097900	2523938	2461281	0.000803
0.0097800	2532763	2466575	0.000808
0.0097775	2537175	2467017	0.000807
0.0097875	2532763	2467899	0.000808
0.0097825	2537175	2462163	0.000811
0.0098125	2546000	2459074	0.000812
0.0098175	2546000	2454662	0.000810
0.0098375	2532763	2452897	0.000816
0.0098300	2550413	2446719	0.000815
0.0098375	2537175	2443631	0.000813
0.0098225	2546000	2458192	0.000812
0.0098450	2541588	2457309	0.000818
0.0098150	2559238	2449808	0.000815
0.0098825	2568062	2448926	0.000821
0.0098850	2559238	2458192	0.000821
0.0098550	2559238	2467017	0.000819
0.0098700	2559238	2482019	0.000822
0.0099300	2563650	2491285	0.000822
0.0099050	2576887	2490403	0.000821
0.0099125	2568062	2497022	0.000827
0.0099250	2568062	2488638	0.000826
0.0099300	2576887	2488638	0.000825
0.0099550	2576887	2499669	0.000826
0.0099425	2572475	2505405	0.000831
0.0099825	2581300	2497904	0.000830
0.0099775	2576887	2495698	0.000834
0.0099500	2590125	2494374	0.000831
0.0099775	2585712	2486873	0.000834
0.0099675	2585712	2497904	0.000832
0.0100300	2590125	2499669	0.000837
0.0100300	2590125	2501875	0.000833
0.0100125	2576887	2508053	0.000838
0.0100700	2603362	2511583	0.000838
0.0100175	2594537	2510259	0.000840
0.0100475	2594537	2522173	0.000838
0.0100550	2598950	2528350	0.000843
0.0100850	2594537	2523055	0.000841
0.0101025	2598950	2532321	0.000843
0.0101200	2612187	2536734	0.000843
0.0101000	2607775	2539823	0.000845
0.0100800	2598950	2552178	0.000845
0.0101025	2607775	2555266	0.000848
0.0101250	2612187	2546441	0.000847
0.0101050	2607775	2546441	0.000849
0.0101250	2625425	2547765	0.000850
0.0101675	2612187	2545118	0.000851
0.0101575	2616600	2557473	0.000850
0.0101400	2625425	2558796	0.000852
0.0101300	2625425	2549530	0.000855
0.0102000	2621012	2547765	0.000856
0.0101525	2616600	2546883	0.000854
0.0102000	2634250	2547765	0.000855
0.0102100	2634250	2548648	0.000856
0.0102375	2643075	2552178	0.000860
0.0102025	2643075	2552619	0.000859
0.0102050	2647487	2557914	0.000863
0.0102425	2643075	2560561	0.000863
0.0102375	2643075	2563650	0.000863
0.0102125	2651900	2565415	0.000864
0.0102550	2634250	2568945	0.000867
0.0102500	2651900	2572916	0.000864
0.0102850	2656312	2576005	0.000866
0.0102600	2647487	2588801	0.000868
0.0102375	2643075	2593214	0.000869
0.0102675	2669549	2587919	0.000870
0.0103175	2665137	2588801	0.000871
0.0103075	2660725	2591890	0.000873
0.0102975	2651900	2597626	0.000871
0.0102875	2665137	2609099	0.000869
0.0103325	2665137	2618365	0.000872
0.0103125	2673962	2611305	0.000875
0.0103675	2678374	2612629	0.000879
0.0103550	2678374	2617482	0.000879
0.0103550	2682787	2621895	0.000878
0.0103575	2665137	2634250	0.000877
0.0103250	2682787	2641310	0.000881
0.0103575	2682787	2636897	0.000881
0.0103800	2678374	2633367	0.000881
0.0103925	2682787	2636456	0.000882
0.0103825	2682787	2632926	0.000885
0.0103800	2704849	2646163	0.000885
0.0104175	2700437	2650135	0.000886
0.0104125	2704849	2642633	0.000887
0.0104500	2700437	2643075	0.000894
0.0104225	2704849	2642633	0.000892
0.0104300	2704849	2643075	0.000888
0.0104575	2696024	2646605	0.000890
0.0105000	2704849	2648370	0.000894
0.0104625	2704849	2639545	0.000892
0.0104825	2722499	2636897	0.000898
0.0104875	2713674	2638221	0.000896
0.0105100	2718087	2641751	0.000897
0.0105300	2722499	2646163	0.000898
0.0105300	2718087	2642633	0.000902
0.0105675	2731324	2633367	0.000899
0.0105425	2718087	2626748	0.000903
0.0105425	2731324	2632926	0.000903
0.0105475	2731324	2636897	0.000904
0.0105250	2731324	2645281	0.000904
0.0105675	2726912	2648370	0.000905
0.0105900	2740149	2637338	0.000907
0.0105850	2735737	2632485	0.000909
0.0105875	2744562	2633367	0.000911
0.0105925	2744562	2636456	0.000910
0.0106250	2744562	2649693	0.000911
0.0106125	2744562	2658960	0.000914
0.0106475	2740149	2652341	0.000913
0.0106550	2748974	2655430	0.000918
0.0106175	2762212	2660725	0.000919
0.0106675	2766624	2666902	0.000915
0.0106700	2766624	2681904	0.000917
0.0106575	2748974	2690288	0.000921
0.0106925	2762212	2689847	0.000918
0.0106925	2762212	2694701	0.000923
0.0107025	2775449	2691612	0.000920
0.0106975	2762212	2690729	0.000923
0.0106500	2753387	2690729	0.000921
0.0107400	2766624	2688082	0.000927
0.0107175	2779861	2692936	0.000927
0.0107325	2771036	2693818	0.000930
0.0107525	2775449	2695142	0.000927
0.0107675	2775449	2697789	0.000927
0.0107350	2775449	2701319	0.000928
0.0108125	2784274	2704408	0.000930
0.0107725	2788686	2713233	0.000932
0.0107625	2784274	2720734	0.000931
0.0107950	2775449	2732207	0.000931
0.0107925	2784274	2739267	0.000932
0.0107875	2793099	2729118	0.000935
0.0108225	2788686	2729118	0.000936
0.0108250	2797511	2735295	0.000939
0.0108250	2797511	2733530	0.000936
0.0108300	2797511	2746327	0.000939
0.0108575	2797511	2751180	0.000940
0.0108425	2797511	2743679	0.000939
0.0108750	2784274	2741473	0.000943
0.0109200	2810749	2747650	0.000944
0.0108750	2810749	2753387	0.000944
0.0108975	2801924	2769713	0.000943
0.0108850	2810749	2778979	0.000945
0.0108775	2815161	2770154	0.000945
0.0109450	2810749	2774125	0.000948
0.0109200	2815161	2772801	0.000949
0.0109000	2815161	2772801	0.000949
0.0109000	2819574	2786039	0.000948
0.0109525	2819574	2791775	0.000953
0.0109775	2828399	2784715	0.000950
0.0109475	2819574	2780744	0.000955
0.0109625	2832811	2780303	0.000954
0.0109575	2832811	2778538	0.000954
0.0109950	2819574	2788686	0.000955
0.0110350	2837224	2790010	0.000956
0.0109850	2832811	2786039	0.000957
0.0110700	2837224	2786921	0.000962
0.0110175	2850461	2790451	0.000961
0.0110500	2850461	2791334	0.000961
0.0110100	2841636	2805013	0.000961
0.0110375	2837224	2814720	0.000965
0.0110925	2850461	2809425	0.000964
0.0110625	2850461	2813396	0.000970
0.0110550	2850461	2820456	0.000968
0.0110825	2859286	2826634	0.000969
0.0110825	2850461	2837665	0.000969
0.0111125	2854874	2844284	0.000974
0.0111225	2868111	2834576	0.000970
0.0111150	2863699	2835017	0.000974
0.0110950	2876936	2836782	0.000973
0.0111300	2872523	2834135	0.000974
0.0111325	2863699	2846490	0.000973
0.0111550	2872523	2850461	0.000976
0.0110875	2872523	2840754	0.000978
0.0112250	2876936	2838547	0.000980
0.0111500	2876936	2840754	0.000979
0.0111825	2872523	2842077	0.000981
0.0111975	2885761	2845607	0.000979
0.0112175	2881348	2851344	0.000983
0.0112175	2890173	2850461	0.000983
0.0112125	2894586	2856639	0.000987
0.0112625	2894586	2857080	0.000986
0.0112425	2894586	2859286	0.000987
0.0112425	2894586	2860169	0.000988
0.0112725	2898998	2863257	0.000988
0.0112800	2898998	2867670	0.000990
0.0112575	2894586	2867229	0.000989
0.0112325	2898998	2879142	0.000990
0.0112750	2885761	2880466	0.000994
0.0112575	2903411	2878260	0.000990
0.0113050	2898998	2876053	0.000997
0.0113375	2916648	2881348	0.000996
0.0112550	2907823	2882672	0.000994
0.0113000	2903411	2894586	0.000997
0.0113325	2916648	2900763	0.000998
0.0113250	2907823	2894586	0.000997
0.0113550	2921061	2899881	0.001002
0.0113750	2925473	2903411	0.001003
0.0113500	2925473	2906500	0.001000
0.0113675	2925473	2917090	0.001005
0.0113875	2916648	2925473	0.001005
0.0114175	2934298	2916648	0.001004
0.0113800	2929886	2917090	0.001008
0.0114125	2947536	2922385	0.001008
0.0113950	2929886	2921943	0.001007
0.0114300	2938711	2934298	0.001006
0.0114225	2929886	2939152	0.001010
0.0114500	2947536	2933416	0.001010
0.0114275	2947536	2934739	0.001016
0.0114450	2951948	2937828	0.001014
0.0114500	2947536	2937387	0.001015
0.0114550	2947536	2950183	0.001014
0.0114700	2951948	2958126	0.001017
0.0114825	2960773	2947536	0.001016
0.0115200	2956361	2950624	0.001020
0.0114850	2956361	2952389	0.001019
0.0114775	2947536	2954154	0.001023
0.0114950	2969598	2963421	0.001021
0.0115250	2951948	2969598	0.001022
0.0115425	2969598	2960773	0.001021
0.0115350	2965186	2958567	0.001025
0.0115500	2969598	2960773	0.001027
0.0115550	2969598	2958567	0.001027
0.0115675	2969598	2973128	0.001028
0.0115800	2969598	2977982	0.001029
0.0115975	2987248	2968716	0.001028
0.0116200	2969598	2967392	0.001032
0.0115925	2978423	2973128	0.001031
0.0116000	2987248	2974452	0.001034
0.0116450	2982835	2977099	0.001031
0.0116425	2978423	2982835	0.001037
0.0116325	2996073	2985483	0.001033
0.0116425	2991660	2989013	0.001040
0.0116275	3004898	2992543	0.001037
0.0116450	3000485	2993425	0.001037
0.0116500	2991660	2992543	0.001037
0.0116725	3004898	2994749	0.001043
0.0116625	2996073	2997838	0.001044
0.0116675	2991660	2998279	0.001042
0.0116875	3004898	3011517	0.001040
0.0117175	2996073	3011958	0.001047
0.0116800	3009310	3004015	0.001044
0.0117425	3013723	3001368	0.001048
0.0117325	3013723	3002250	0.001050
0.0117250	3026960	3006222	0.001049
0.0117325	3018135	3025195	0.001051
0.0117525	3018135	3032255	0.001049
0.0117200	3004898	3021224	0.001050
0.0118250	3022548	3022548	0.001055
0.0117625	3031373	3026519	0.001054
0.0117825	3022548	3029608	0.001054
0.0118100	3022548	3044610	0.001054
0.0118050	3022548	3053876	0.001058
0.0117800	3035785	3044610	0.001056
0.0118425	3044610	3044610	0.001063
0.0118250	3031373	3045493	0.001061
0.0118800	3049023	3044169	0.001058
0.0118475	3035785	3056524	0.001060
0.0118900	3044610	3057406	0.001065
0.0118725	3044610	3043728	0.001064
0.0118375	3031373	3046375	0.001066
0.0118950	3066673	3045934	0.001068
0.0118650	3053435	3045934	0.001069
0.0119250	3057848	3060936	0.001064
0.0119350	3057848	3063143	0.001069
0.0119550	3066673	3050346	0.001071
0.0119425	3066673	3050788	0.001074
0.0119325	3066673	3056524	0.001073
0.0119325	3071085	3062260	0.001073
0.0119175	3075498	3078145	0.001072
0.0119725	3071085	3081234	0.001075
0.0119825	3079910	3070203	0.001074
0.0119825	3084322	3071526	0.001082
0.0119650	3084322	3076821	0.001079
0.0119625	3084322	3080351	0.001080
0.0119850	3075498	3095354	0.001082
0.0120175	3079910	3098884	0.001083
0.0119850	3079910	3087411	0.001083
0.0120200	3101972	3088294	0.001087
0.0120350	3097560	3090059	0.001086
0.0120450	3097560	3092265	0.001086
0.0120500	3093147	3106826	0.001085
0.0120500	3093147	3110797	0.001088
0.0120750	3101972	3096236	0.001088
0.0120875	3106385	3095795	0.001095
0.0120925	3110797	3098442	0.001092
0.0121200	3097560	3101531	0.001091
0.0121100	3115210	3112121	0.001092
0.0120950	3106385	3114327	0.001095
0.0120875	3110797	3105944	0.001096
0.0121375	3101972	3106385	0.001100
0.0121350	3115210	3109032	0.001097
0.0121025	3128447	3107709	0.001099
0.0121575	3124035	3109915	0.001098
0.0121375	3106385	3108150	0.001101
0.0121375	3132860	3108150	0.001103
0.0121850	3119622	3111239	0.001103
0.0121600	3132860	3113445	0.001103
0.0122200	3132860	3114327	0.001103
0.0121625	3128447	3116534	0.001103
0.0122175	3137272	3114769	0.001109
0.0121875	3132860	3116534	0.001107
0.0122000	3132860	3124035	0.001108
0.0121800	3128447	3139920	0.001106
0.0122525	3141685	3146538	0.001110
0.0121950	3132860	3139037	0.001110
0.0122375	3137272	3138155	0.001114
0.0122675	3150510	3143008	0.001115
0.0122550	3154922	3144773	0.001115
0.0122625	3141685	3156246	0.001115
0.0123175	3141685	3160658	0.001116
0.0122575	3150510	3150068	0.001116
0.0123075	3154922	3146538	0.001118
0.0123175	3159335	3146980	0.001118
0.0123125	3163747	3149186	0.001119
0.0123225	3159335	3163747	0.001117
0.0123250	3159335	3169483	0.001123
0.0123500	3176985	3160658	0.001123
0.0123700	3168160	3160658	0.001126
0.0123600	3176985	3165071	0.001126
0.0123325	3163747	3174778	0.001127
0.0123825	3176985	3180514	0.001126
0.0123950	3163747	3178308	0.001128
0.0123800	3172572	3165071	0.001129
0.0124150	3190222	3158893	0.001133
0.0123600	3190222	3158452	0.001131
0.0123950	3172572	3160658	0.001130
0.0124200	3181397	3171690	0.001132
0.0124225	3185809	3178750	0.001135
0.0124150	3199047	3170366	0.001132
0.0124625	3194634	3162423	0.001139
0.0124625	3207872	3173896	0.001139
0.0124375	3194634	3184044	0.001140
0.0124625	3190222	3203018	0.001140
0.0125050	3199047	3216256	0.001141
0.0124425	3212284	3214049	0.001140
0.0125500	3203459	3214932	0.001145
0.0125100	3203459	3189781	0.001141
0.0125500	3212284	3169042	0.001144
0.0125550	3216697	3171690	0.001142
0.0125625	3203459	3174337	0.001146
0.0125500	3225522	3158893	0.001147
0.0125675	3203459	3151833	0.001150
0.0125725	3225522	3151833	0.001149
0.0126050	3216697	3154481	0.001150
0.0125575	3225522	3164188	0.001150
0.0126250	3225522	3168160	0.001154
0.0125975	3234347	3191104	0.001153
0.0125900	3221109	3214049	0.001158
0.0125825	3243172	3226846	0.001157
0.0125950	3238759	3238759	0.001156
0.0126500	3234347	3249790	0.001158
0.0126625	3238759	3259939	0.001158
0.0126250	3238759	3266999	0.001158
0.0126550	3243172	3269647	0.001163
0.0126375	3243172	3272735	0.001163
0.0126600	3251997	3278472	0.001164
0.0126300	3243172	3281119	0.001162
0.0127050	3251997	3285531	0.001163
0.0127050	3256409	3290385	0.001165
0.0126675	3243172	3289503	0.001167
0.0126950	3256409	3303181	0.001165
0.0127050	3260822	3310683	0.001169
0.0127025	3265234	3301858	0.001168
0.0127325	3260822	3300534	0.001174
0.0127250	3265234	3307594	0.001175
0.0127375	3265234	3306270	0.001170
0.0127175	3265234	3285973	0.001170
0.0127450	3265234	3260822	0.001175
0.0127875	3269647	3223757	0.001173
0.0127825	3269647	3198606	0.001177
0.0128375	3282884	3186692	0.001178
0.0128250	3282884	3173896	0.001177
0.0127950	3269647	3179191	0.001179
0.0127425	3274059	3181397	0.001181
0.0128050	3274059	3161100	0.001179
0.0128300	3269647	3155805	0.001185
0.0128300	3291709	3191104	0.001184
0.0128375	3287296	3224639	0.001184
0.0128525	3296121	3264352	0.001185
0.0128575	3296121	3293915	0.001187
0.0128875	3296121	3298769	0.001187
0.0128800	3291709	3313771	0.001192
0.0128750	3300534	3312889	0.001188
0.0128550	3291709	3306711	0.001189
0.0128575	3287296	3326126	0.001191
0.0128700	3291709	3335834	0.001193
0.0128800	3300534	3323038	0.001192
0.0129075	3300534	3318625	0.001196
0.0129450	3313771	3320831	0.001196
0.0129425	3313771	3322596	0.001194
0.0129250	3322596	3338040	0.001196
0.0129750	3313771	3337157	0.001198
0.0129375	3318184	3334510	0.001198
0.0129675	3322596	3343776	0.001202
0.0129500	3322596	3347747	0.001202
0.0130175	3322596	3351277	0.001202
0.0130075	3327009	3334510	0.001201
0.0130125	3331421	3312448	0.001207
0.0130075	3335834	3274500	0.001204
0.0130575	3335834	3249349	0.001209
0.0130575	3335834	3233464	0.001207
0.0130500	3340246	3226846	0.001207
0.0129925	3340246	3220668	0.001207
0.0130575	3335834	3212284	0.001211
0.0130200	3344659	3206989	0.001211
0.0130950	3331421	3203018	0.001217
0.0130900	3353484	3237435	0.001214
0.0130875	3344659	3266999	0.001216
0.0130925	3349071	3298328	0.001215
0.0131075	3349071	3328333	0.001215
0.0131075	3344659	3313330	0.001215
0.0131125	3353484	3298769	0.001217
0.0131050	3349071	3308476	0.001216
0.0131125	3344659	3315095	0.001217
0.0131175	3353484	3301858	0.001220
0.0131500	3357896	3299651	0.001223
0.0131325	3357896	3297004	0.001223
0.0131400	3362309	3297445	0.001223
0.0131550	3371134	3310241	0.001222
0.0132050	3357896	3313771	0.001228
0.0131900	3375546	3337599	0.001225
0.0132000	3371134	3363191	0.001228
0.0131925	3375546	3378635	0.001227
0.0131900	3375546	3388783	0.001227
0.0132225	3375546	3413935	0.001228
0.0132750	3375546	3424083	0.001230
0.0132575	3384371	3418347	0.001229
0.0132425	3379959	3417465	0.001233
0.0132625	3393196	3419230	0.001236
0.0132625	3384371	3420995	0.001234
0.0132550	3384371	3436438	0.001234
0.0132125	3384371	3443498	0.001236
0.0132950	3393196	3434232	0.001236
0.0132450	3384371	3433791	0.001239
0.0132800	3397608	3433350	0.001239
0.0132700	3397608	3433350	0.001240
0.0132725	3397608	3446146	0.001238
0.0133500	3393196	3452323	0.001241
0.0133500	3406433	3439086	0.001242
0.0133550	3406433	3434673	0.001246
0.0133325	3406433	3435556	0.001243
0.0133600	3415258	3436438	0.001245
0.0133425	3406433	3449676	0.001246
0.0133500	3410846	3452323	0.001246
0.0133850	3424083	3443939	0.001248
0.0133800	3415258	3443939	0.001249
0.0134075	3432908	3446587	0.001254
0.0133900	3437321	3447911	0.001250
0.0133975	3424083	3458501	0.001249
0.0133925	3428496	3465561	0.001252
0.0134550	3432908	3451882	0.001254
0.0134500	3441733	3450558	0.001260
0.0134075	3437321	3450999	0.001259
0.0134500	3441733	3452764	0.001257
0.0134775	3437321	3462031	0.001255
0.0134900	3437321	3466443	0.001260
0.0134700	3450558	3454971	0.001259
0.0135000	3437321	3450999	0.001264
0.0134700	3446146	3456736	0.001263
0.0135325	3454971	3459824	0.001263
0.0134800	3450558	3471297	0.001261
0.0135225	3450558	3473503	0.001267
0.0135000	3441733	3461148	0.001267
0.0135425	3446146	3460266	0.001268
0.0135025	3454971	3464678	0.001267
0.0135475	3468208	3465561	0.001267
0.0135425	3463796	3465561	0.001269
0.0135625	3463796	3469091	0.001272
0.0135625	3472621	3472621	0.001274
0.0135800	3463796	3472621	0.001275
0.0135725	3477033	3476151	0.001275
0.0135975	3459383	3477474	0.001273
0.0136300	3468208	3479681	0.001273
0.0136250	3481446	3481004	0.001280
0.0136175	3485858	3481446	0.001279
0.0136250	3485858	3483211	0.001280
0.0136325	3481446	3497330	0.001278
0.0136675	3477033	3499095	0.001281
0.0136550	3499095	3483652	0.001280
0.0136475	3485858	3476592	0.001282
0.0136975	3494683	3477916	0.001284
0.0136750	3494683	3480563	0.001284
0.0136575	3490270	3491594	0.001286
0.0137025	3490270	3492918	0.001289
0.0136975	3494683	3478357	0.001286
0.0137750	3494683	3476151	0.001289
0.0137675	3512333	3476592	0.001289
0.0137500	3499095	3477916	0.001290
0.0137425	3494683	3492918	0.001290
0.0137300	3499095	3499537	0.001292
0.0137675	3507920	3487623	0.001293
0.0137425	3503508	3481887	0.001295
0.0137675	3512333	3487623	0.001297
0.0137900	3512333	3490712	0.001295
0.0138050	3521158	3500419	0.001295
0.0137825	3512333	3499537	0.001300
0.0137825	3521158	3487182	0.001299
0.0138175	3512333	3482769	0.001304
0.0138175	3525570	3484093	0.001302
0.0138300	3529983	3488064	0.001303
0.0138675	3516745	3502184	0.001301
0.0138250	3529983	3510127	0.001304
0.0138450	3534395	3499095	0.001305
0.0138625	3529983	3497772	0.001308
0.0138875	3543220	3501302	0.001307
0.0138875	3534395	3503949	0.001308
0.0138600	3529983	3523364	0.001308
0.0139075	3552045	3534837	0.001309
0.0139125	3547633	3525129	0.001307
0.0139700	3538808	3522482	0.001314
0.0139175	3543220	3526894	0.001313
0.0138975	3547633	3529983	0.001313
0.0139175	3552045	3545426	0.001313
0.0139325	3547633	3553369	0.001314
0.0139175	3543220	3547633	0.001317
0.0139575	3543220	3548074	0.001317
0.0139950	3565283	3549398	0.001319
0.0139975	3560870	3551163	0.001319
0.0139675	3560870	3563518	0.001319
0.0139850	3565283	3568371	0.001322
0.0140050	3569695	3554693	0.001321
0.0140100	3560870	3551604	0.001323
0.0139750	3569695	3553810	0.001326
0.0140050	3560870	3553369	0.001324
0.0139925	3587345	3567930	0.001325
0.0140200	3560870	3579844	0.001328
0.0140750	3574108	3569695	0.001328
0.0140750	3565283	3568813	0.001330
0.0140525	3582933	3574108	0.001330
0.0140625	3569695	3576755	0.001331
0.0140575	3574108	3581168	0.001330
0.0140750	3582933	3584256	0.001331
0.0140825	3582933	3583374	0.001332
0.0141125	3587345	3580285	0.001337
0.0140825	3596170	3581609	0.001335
0.0141500	3600582	3576314	0.001335
0.0141375	3596170	3577638	0.001336
0.0141775	3600582	3577638	0.001338
0.0141700	3604995	3576755	0.001338
0.0141525	3609407	3577196	0.001340
0.0141575	3609407	3590875	0.001339
0.0141675	3600582	3591316	0.001342
0.0141800	3604995	3581168	0.001344
0.0141550	3591757	3585580	0.001346
0.0142225	3609407	3589110	0.001346
0.0141925	3600582	3594846	0.001345
0.0142200	3609407	3608966	0.001345
0.0142425	3613820	3616026	0.001348
0.0142500	3613820	3604995	0.001349
0.0142100	3609407	3605877	0.001353
0.0142350	3609407	3609849	0.001351
0.0142050	3609407	3617791	0.001353
0.0142500	3627057	3631911	0.001349
0.0142575	3618232	3629264	0.001355
0.0142450	3635882	3619556	0.001354
0.0142950	3622645	3615585	0.001356
0.0143000	3631470	3618232	0.001356
0.0143000	3631470	3617791	0.001355
0.0143250	3635882	3611172	0.001357
0.0143375	3635882	3595287	0.001358
0.0143050	3635882	3563959	0.001360
0.0143400	3640295	3541014	0.001363
0.0143950	3635882	3533954	0.001362
0.0143425	3649120	3540573	0.001364
0.0143700	3644707	3555134	0.001362
0.0144000	3649120	3567048	0.001365
0.0143825	3635882	3556458	0.001365
0.0144000	3649120	3557781	0.001369
0.0144250	3662357	3559105	0.001369
0.0144200	3657945	3559105	0.001371
0.0144250	3662357	3582491	0.001368
0.0144425	3662357	3604112	0.001370
0.0144000	3666770	3600141	0.001372
0.0144075	3657945	3597935	0.001375
0.0144375	3671182	3567930	0.001373
0.0144875	3671182	3537484	0.001374
0.0144700	3671182	3512774	0.001372
0.0144975	3662357	3488947	0.001376
0.0144925	3680007	3500860	0.001378
0.0145075	3671182	3518069	0.001379
0.0144525	3684420	3527335	0.001380
0.0145075	3675595	3532630	0.001380
0.0144950	3684420	3533954	0.001381
0.0145525	3684420	3541455	0.001381
0.0145200	3697657	3574108	0.001382
0.0145275	3684420	3604112	0.001383
0.0145425	3693244	3642501	0.001384
0.0145075	3684420	3671623	0.001387
0.0145675	3693244	3674712	0.001384
0.0145900	3688832	3680448	0.001387
0.0145800	3697657	3681331	0.001387
0.0145850	3702069	3680448	0.001387
0.0146025	3702069	3701187	0.001386
0.0145900	3710894	3702511	0.001391
0.0146175	3710894	3692362	0.001390
0.0146425	3710894	3688832	0.001392
0.0146500	3706482	3694127	0.001392
0.0146550	3715307	3696333	0.001391
0.0146375	3710894	3710894	0.001392
0.0146800	3702069	3712218	0.001395
0.0146700	3715307	3706041	0.001397
0.0146775	3719719	3706482	0.001399
0.0147250	3719719	3706482	0.001399
0.0146600	3724132	3710453	0.001399
0.0146800	3724132	3723691	0.001402
0.0147425	3719719	3731633	0.001401
0.0147050	3728544	3715748	0.001401
0.0147375	3732957	3711336	0.001405
0.0147550	3732957	3713983	0.001404
0.0146450	3737369	3717954	0.001405
0.0147500	3732957	3706482	0.001404
0.0147175	3728544	3687950	0.001407
0.0147575	3737369	3655297	0.001407
0.0147425	3750607	3633676	0.001410
0.0147550	3746194	3628822	0.001408
0.0147550	3741782	3622204	0.001411
0.0147775	3746194	3637647	0.001411
0.0147900	3750607	3643825	0.001414
0.0148175	3755019	3630587	0.001416
0.0147900	3741782	3628822	0.001416
0.0148125	3759432	3656621	0.001416
0.0148325	3755019	3684420	0.001416
0.0148325	3755019	3693244	0.001416
0.0148450	3750607	3698981	0.001421
0.0148850	3763844	3674271	0.001419
0.0148675	3746194	3662798	0.001424
0.0148450	3759432	3658827	0.001421
0.0148450	3777082	3656180	0.001422
0.0148550	3763844	3665887	0.001422
0.0148775	3755019	3666328	0.001425
0.0149000	3768257	3648237	0.001424
0.0149275	3763844	3638971	0.001429
0.0149425	3777082	3665446	0.001427
0.0149500	3777082	3684420	0.001426
0.0149450	3777082	3721043	0.001427
0.0149600	3777082	3743988	0.001432
0.0149275	3785907	3741341	0.001429
0.0149675	3794732	3745312	0.001433
0.0149800	3799144	3753695	0.001432
0.0149750	3794732	3762079	0.001434
0.0149500	3799144	3769580	0.001432
0.0149950	3790319	3777523	0.001435
0.0150000	3799144	3783259	0.001435
0.0149975	3790319	3785907	0.001437
0.0150125	3807969	3785907	0.001440
0.0149975	3794732	3785907	0.001438
0.0150175	3803556	3782818	0.001438
0.0150300	3794732	3782818	0.001441
0.0150175	3807969	3784142	0.001440
0.0150450	3807969	3787672	0.001442
0.0150225	3807969	3800468	0.001440
0.0150575	3803556	3801791	0.001444
0.0150350	3812381	3787230	0.001444
0.0151250	3807969	3785907	0.001445
0.0150625	3821206	3784583	0.001448
0.0150650	3807969	3783700	0.001445
0.0150750	3812381	3797820	0.001445
0.0151450	3816794	3798703	0.001449
0.0151150	3825619	3785024	0.001447
0.0151375	3821206	3776199	0.001452
0.0151425	3830031	3775758	0.001452
0.0151675	3830031	3779288	0.001452
0.0151250	3816794	3793408	0.001451
0.0152000	3825619	3794732	0.001455
0.0151800	3834444	3782377	0.001456
0.0151925	3834444	3782377	0.001456
0.0152275	3843269	3784583	0.001458
0.0151825	3834444	3790760	0.001458
0.0152000	3843269	3803556	0.001459
0.0152200	3847681	3811058	0.001460
0.0152700	3847681	3799585	0.001460
0.0152625	3847681	3794732	0.001464
0.0152250	3856506	3796496	0.001463
0.0152525	3852094	3797379	0.001464
0.0152325	3843269	3812823	0.001464
0.0152850	3860919	3814588	0.001466
0.0153100	3860919	3804880	0.001468
0.0153275	3852094	3800909	0.001470
0.0153350	3869744	3803998	0.001470
0.0153000	3860919	3804439	0.001469
0.0153425	3860919	3819441	0.001468
0.0153075	3869744	3826060	0.001472
0.0152900	3869744	3812381	0.001471
0.0153625	3869744	3814146	0.001474
0.0153325	3874156	3817235	0.001473
0.0153425	3874156	3821648	0.001473
0.0153225	3874156	3831355	0.001474
0.0153425	3878569	3834444	0.001478
0.0153450	3882981	3819441	0.001479
0.0153700	3869744	3816353	0.001480
0.0154050	3882981	3820765	0.001479
0.0154000	3887394	3821206	0.001480
0.0154400	3878569	3822971	0.001480
0.0154175	3878569	3822089	0.001482
0.0154375	3891806	3808851	0.001484
0.0154925	3891806	3805321	0.001486
0.0154475	3896219	3796055	0.001486
0.0154300	3887394	3794732	0.001487
0.0154450	3900631	3796055	0.001487
0.0155175	3896219	3796938	0.001488
0.0154925	3900631	3777964	0.001487
0.0154875	3896219	3774434	0.001488
0.0154550	3896219	3772669	0.001487
0.0154400	3896219	3771345	0.001489
0.0154300	3896219	3768257	0.001491
0.0154975	3900631	3766492	0.001487
0.0154725	3905043	3764727	0.001487
0.0154675	3896219	3762520	0.001489
0.0154550	3896219	3761197	0.001485
0.0154525	3900631	3760314	0.001488
0.0154575	3896219	3761197	0.001488
0.0154550	3891806	3757667	0.001488
0.0154950	3896219	3755902	0.001487
0.0154500	3896219	3753695	0.001487
0.0154700	3909456	3755019	0.001487
0.0154500	3896219	3754578	0.001486
0.0154675	3900631	3754137	0.001488
0.0154425	3896219	3752813	0.001488
0.0154825	3905043	3752813	0.001486
0.0154550	3891806	3749724	0.001487
0.0154450	3891806	3749283	0.001486
0.0154725	3896219	3750607	0.001486
0.0154450	3900631	3747518	0.001487
0.0154425	3905043	3747518	0.001488
0.0154900	3896219	3743988	0.001488
0.0154550	3896219	3743106	0.001486
0.0155000	3900631	3738693	0.001487
0.0155200	3900631	3739576	0.001486
0.0154625	3905043	3736928	0.001488
0.0154550	3900631	3738252	0.001488
0.0154800	3900631	3736046	0.001488
0.0154875	3896219	3731633	0.001486
0.0154550	3891806	3734722	0.001487
0.0154875	3891806	3734281	0.001487
0.0155150	3891806	3736046	0.001487
0.0154250	3896219	3734281	0.001486
0.0154800	3900631	3734722	0.001485
0.0154400	3887394	3732074	0.001485
0.0154725	3905043	3732957	0.001487
0.0154800	3900631	3732957	0.001487
0.0154875	3900631	3732074	0.001486
0.0154700	3900631	3733398	0.001486
0.0155200	3905043	3729868	0.001486
0.0154425	3891806	3730309	0.001486
0.0155075	3896219	3726338	0.001485
0.0154975	3905043	3727221	0.001486
0.0154625	3896219	3725897	0.001487
0.0154675	3900631	3727221	0.001487
0.0154825	3905043	3725897	0.001487
0.0154525	3900631	3722808	0.001487
0.0154650	3900631	3721484	0.001487
0.0154950	3900631	3720602	0.001486
0.0154975	3896219	3721043	0.001485
0.0154725	3891806	3718396	0.001487
0.0154750	3896219	3717513	0.001485
0.0154725	3891806	3714866	0.001488
0.0154675	3896219	3717954	0.001488
0.0154800	3905043	3717072	0.001489
0.0154675	3905043	3716189	0.001488
0.0154750	3900631	3714424	0.001487
0.0154875	3896219	3715307	0.001488
0.0154500	3891806	3713983	0.001488
0.0154800	3896219	3713983	0.001486
0.0154925	3896219	3714866	0.001487
0.0154650	3896219	3713542	0.001486
0.0154575	3896219	3714424	0.001486
0.0154875	3905043	3710894	0.001485
0.0154900	3905043	3710012	0.001488
0.0154425	3896219	3709571	0.001488
0.0154600	3896219	3710894	0.001488
0.0154750	3891806	3710012	0.001488
0.0154575	3891806	3709571	0.001487
0.0155075	3896219	3706041	0.001487
0.0154750	3891806	3703393	0.001488
0.0155100	3900631	3705011	0.001488
0.0154650	3900631	3703173	0.001488
0.0154675	3891806	3703330	0.001488
0.0154700	3887394	3700599	0.001487
0.0154375	3896219	3698539	0.001486
0.0155000	3891806	3695451	0.001487
0.0154600	3896219	3690303	0.001484
0.0154875	3900631	3688832	0.001487
0.0154475	3896219	3693244	0.001487
333			333		333		333