0.0000000	944270	215329	0.000000
0.0000650	931033	222830	0.000000
0.0000225	917796	229890	-0.000001
0.0000875	931033	236950	0.000000
0.0000425	931033	245334	0.000001
-0.0000050	913383	253276	-0.000002
0.0000400	917796	256365	-0.000002
0.0000675	908971	258571	-0.000004
0.0000550	891321	264749	-0.000004
0.0000775	895733	269161	-0.000004
0.0000875	891321	278427	-0.000005
0.0001225	895733	284164	-0.000008
0.0001050	886908	287252	-0.000004
0.0001575	873671	289017	-0.000008
0.0001275	860433	294312	-0.000007
0.0001525	860433	299166	-0.000008
0.0001475	860433	304902	-0.000008
0.0001275	860433	309315	-0.000008
0.0001300	851608	307991	-0.000009
0.0001650	851608	311521	-0.000013
0.0001475	833958	312845	-0.000011
0.0001550	833958	315492	-0.000010
0.0001675	825133	319022	-0.000013
0.0002025	825133	323876	-0.000010
0.0001775	829546	323435	-0.000012
0.0002075	820721	326523	-0.000015
0.0002225	816309	328730	-0.000013
0.0002425	811896	331818	-0.000014
0.0002400	811896	335348	-0.000016
0.0002200	803071	337555	-0.000020
0.0002100	789834	337113	-0.000016
0.0002675	794246	338878	-0.000016
0.0002600	785421	338878	-0.000017
0.0002825	785421	337996	-0.000017
0.0002825	785421	340643	-0.000018
0.0002700	776596	341085	-0.000018
0.0002775	776596	340643	-0.000019
0.0002950	754534	341085	-0.000022
0.0002875	767771	343291	-0.000022
0.0003150	758946	343291	-0.000018
0.0003025	758946	343732	-0.000021
0.0003325	745709	344173	-0.000022
0.0003700	750121	347703	-0.000023
0.0003775	750121	349910	-0.000024
0.0003675	741296	352116	-0.000023
0.0003050	736884	353440	-0.000022
0.0003625	736884	353440	-0.000022
0.0003625	732471	354322	-0.000025
0.0003975	728059	352998	-0.000023
0.0003775	719234	355646	-0.000022
0.0003775	719234	358735	-0.000026
0.0004350	723646	360058	-0.000026
0.0004000	719234	358735	-0.000025
0.0004475	714822	359617	-0.000025
0.0004600	710409	359617	-0.000027
0.0004300	710409	358293	-0.000027
0.0004250	701584	361382	-0.000028
0.0004550	714822	362706	-0.000028
0.0004525	701584	363147	-0.000032
0.0004875	701584	360058	-0.000029
0.0005000	697172	359176	-0.000029
0.0004900	697172	358735	-0.000030
0.0004725	692759	359617	-0.000031
0.0005125	688347	360499	-0.000030
0.0005450	679522	356528	-0.000030
0.0004900	683934	356087	-0.000030
0.0005400	679522	353881	-0.000034
0.0005375	683934	352998	-0.000031
0.0005275	670697	355205	-0.000030
0.0005725	675109	357852	-0.000033
0.0006125	675109	358735	-0.000030
0.0006025	670697	356970	-0.000031
0.0005975	670697	358293	-0.000030
0.0006075	666284	356528	-0.000032
0.0005825	653047	361823	-0.000031
0.0006100	666284	363588	-0.000030
0.0005875	666284	362264	-0.000032
0.0006300	661872	362264	-0.000032
0.0006250	653047	361823	-0.000033
0.0006125	661872	361823	-0.000034
0.0006675	653047	361382	-0.000035
0.0006475	648634	364912	-0.000034
0.0006750	657459	362706	-0.000032
0.0007000	653047	364912	-0.000033
0.0006800	653047	364029	-0.000035
0.0006425	657459	364471	-0.000034
0.0006850	653047	368442	-0.000033
0.0006800	657459	369766	-0.000034
0.0007525	648634	368442	-0.000036
0.0007600	648634	368883	-0.000036
0.0007200	635397	370207	-0.000035
0.0007300	630984	368883	-0.000037
0.0007125	630984	370207	-0.000035
0.0007550	639809	370648	-0.000035
0.0007450	630984	368442	-0.000035
0.0007875	639809	367559	-0.000036
0.0007625	630984	367559	-0.000036
0.0008075	644222	366236	-0.000038
0.0007425	635397	366236	-0.000037
0.0008350	644222	367559	-0.000037
0.0008125	644222	370207	-0.000038
0.0008575	639809	372854	-0.000036
0.0008625	630984	374619	-0.000036
0.0008650	644222	375061	-0.000035
0.0008550	630984	376826	-0.000035
0.0008350	630984	378149	-0.000036
0.0008475	644222	377267	-0.000036
0.0008900	639809	379914	-0.000037
0.0008625	635397	383886	-0.000038
0.0008725	635397	383886	-0.000038
0.0008850	630984	383444	-0.000037
0.0009150	635397	383886	-0.000036
0.0008875	635397	384768	-0.000037
0.0009150	635397	383886	-0.000036
0.0009075	635397	385651	-0.000037
0.0009450	630984	386974	-0.000035
0.0008975	639809	388298	-0.000037
0.0009525	630984	391387	-0.000037
0.0009625	635397	392269	-0.000036
0.0009675	635397	394917	-0.000036
0.0009650	639809	394034	-0.000036
0.0009700	626572	393593	-0.000036
0.0010225	635397	391828	-0.000038
0.0010325	644222	395358	-0.000035
0.0010050	644222	397564	-0.000035
0.0009650	635397	398888	-0.000035
0.0009950	630984	400653	-0.000037
0.0010675	639809	399771	-0.000038
0.0010600	635397	398447	-0.000038
0.0010625	630984	396682	-0.000036
0.0010575	639809	398447	-0.000035
0.0010550	639809	401536	-0.000036
0.0010300	639809	404624	-0.000034
0.0011175	648634	403742	-0.000035
0.0010750	635397	403742	-0.000035
0.0010950	639809	404183	-0.000034
0.0010725	635397	405948	-0.000035
0.0010975	644222	405066	-0.000035
0.0011425	639809	407713	-0.000037
0.0011350	639809	411243	-0.000036
0.0011000	653047	413449	-0.000035
0.0011425	653047	413449	-0.000035
0.0011525	644222	416538	-0.000033
0.0011625	639809	419185	-0.000035
0.0011825	657459	421392	-0.000034
0.0011675	648634	424922	-0.000036
0.0011850	648634	424922	-0.000035
0.0012275	657459	428893	-0.000033
0.0012350	661872	432864	-0.000035
0.0011975	653047	436394	-0.000037
0.0011975	648634	438159	-0.000032
0.0012075	653047	441248	-0.000033
0.0012875	661872	439924	-0.000035
0.0012300	670697	441689	-0.000031
0.0012600	670697	444778	-0.000034
0.0012675	661872	446543	-0.000031
0.0012725	666284	448308	-0.000033
0.0013175	670697	449632	-0.000031
0.0012400	670697	450073	-0.000033
0.0013025	670697	452720	-0.000033
0.0013075	679522	454485	-0.000030
0.0012825	670697	455368	-0.000031
0.0012850	661872	455809	-0.000031
0.0013075	670697	458015	-0.000031
0.0013150	675109	459339	-0.000031
0.0013250	670697	460222	-0.000033
0.0013250	670697	465516	-0.000029
0.0013475	670697	468605	-0.000031
0.0013425	679522	469488	-0.000031
0.0013800	675109	465516	-0.000031
0.0013650	679522	468164	-0.000029
0.0013975	683934	470370	-0.000029
0.0014125	683934	476989	-0.000031
0.0014375	683934	480078	-0.000030
0.0013725	688347	481401	-0.000033
0.0014225	683934	483166	-0.000031
0.0014475	697172	484931	-0.000030
0.0014050	675109	486696	-0.000029
0.0014400	701584	492433	-0.000028
0.0014850	697172	498610	-0.000028
0.0014500	679522	497728	-0.000029
0.0015050	701584	500816	-0.000029
0.0014600	692759	502581	-0.000028
0.0015150	701584	504346	-0.000030
0.0014625	688347	508318	-0.000026
0.0014875	692759	513171	-0.000028
0.0015000	705997	514495	-0.000027
0.0015125	701584	515819	-0.000026
0.0015250	701584	516701	-0.000028
0.0015400	719234	517584	-0.000027
0.0015125	710409	524644	-0.000028
0.0015725	705997	527732	-0.000026
0.0015850	719234	528615	-0.000029
0.0015875	710409	531704	-0.000023
0.0015825	714822	535234	-0.000026
0.0015575	719234	535675	-0.000025
0.0015775	714822	539646	-0.000024
0.0015925	723646	543176	-0.000024
0.0015975	728059	542735	-0.000026
0.0016525	728059	544059	-0.000024
0.0016150	728059	546265	-0.000023
0.0016350	736884	549795	-0.000025
0.0016075	723646	554207	-0.000024
0.0015750	732471	556855	-0.000024
0.0016400	741296	555531	-0.000023
0.0016475	741296	556855	-0.000020
0.0016525	732471	559944	-0.000022
0.0016550	750121	563474	-0.000022
0.0016575	741296	569210	-0.000021
0.0016800	750121	575387	-0.000021
0.0016975	754534	576270	-0.000024
0.0017350	754534	575387	-0.000020
0.0016800	750121	577593	-0.000022
0.0016975	750121	579800	-0.000020
0.0016925	741296	580241	-0.000020
0.0017150	758946	582888	-0.000017
0.0017925	767771	585977	-0.000020
0.0017500	763359	588625	-0.000018
0.0017700	772184	591713	-0.000018
0.0017450	767771	592596	-0.000021
0.0017750	763359	593478	-0.000017
0.0018000	776596	597891	-0.000017
0.0018225	776596	602303	-0.000019
0.0017725	772184	605392	-0.000018
0.0017725	772184	613776	-0.000018
0.0018150	776596	619071	-0.000016
0.0018075	781009	618188	-0.000016
0.0018300	794246	620836	-0.000015
0.0018525	794246	622159	-0.000014
0.0018100	794246	623042	-0.000016
0.0018700	798659	626572	-0.000017
0.0018800	794246	627454	-0.000014
0.0018250	803071	626131	-0.000016
0.0019000	811896	624807	-0.000013
0.0019125	807484	624366	-0.000015
0.0018925	811896	626572	-0.000014
0.0018725	807484	631426	-0.000013
0.0018900	816309	633191	-0.000015
0.0019200	825133	633191	-0.000011
0.0019300	825133	636279	-0.000012
0.0019750	825133	641133	-0.000013
0.0018600	825133	646428	-0.000013
0.0019350	825133	654371	-0.000013
0.0019625	811896	660548	-0.000010
0.0019375	825133	662313	-0.000012
0.0019800	838371	664078	-0.000007
0.0019950	842783	669373	-0.000011
0.0019775	833958	675109	-0.000010
0.0019850	847196	684375	-0.000010
0.0019925	842783	691877	-0.000009
0.0020300	851608	692759	-0.000009
0.0020675	860433	696289	-0.000008
0.0020425	864846	698937	-0.000008
0.0020225	860433	704232	-0.000008
0.0020425	864846	713498	-0.000009
0.0020375	869258	719234	-0.000005
0.0020550	869258	717028	-0.000004
0.0020625	873671	716587	-0.000003
0.0020675	882496	719675	-0.000006
0.0020850	869258	722323	-0.000003
0.0020725	891321	728941	-0.000003
0.0020850	882496	735119	-0.000003
0.0021375	900146	736443	-0.000005
0.0021375	900146	739090	-0.000001
0.0021675	904558	743061	-0.000003
0.0021475	904558	748356	-0.000003
0.0020900	904558	757181	-0.000002
0.0021450	904558	766889	0.000000
0.0021600	917796	767771	-0.000001
0.0021875	917796	772625	-0.000001
0.0021550	926620	777479	0.000001
0.0021575	926620	781009	0.000002
0.0021825	931033	784539	0.000001
0.0021700	931033	788951	0.000002
0.0022250	935445	792922	0.000002
0.0021975	948683	796894	0.000003
0.0022025	957508	803512	0.000003
0.0022500	953095	805719	0.000004
0.0022550	944270	809249	0.000003
0.0022950	961920	811014	0.000006
0.0022225	970745	816309	0.000004
0.0022300	957508	816750	0.000005
0.0022900	957508	824251	0.000003
0.0023025	966333	827340	0.000006
0.0022450	988395	828222	0.000005
0.0023025	988395	829546	0.000008
0.0023000	988395	830870	0.000006
0.0022750	983983	833517	0.000008
0.0022925	983983	840136	0.000006
0.0023400	983983	844990	0.000008
0.0022925	997220	844548	0.000008
0.0023025	997220	849843	0.000012
0.0023675	1010458	852932	0.000010
0.0023425	1010458	858668	0.000010
0.0023375	992808	865728	0.000009
0.0023375	1006045	873671	0.000013
0.0023525	1019283	875877	0.000013
0.0024125	1028107	879407	0.000015
0.0024025	1036932	884702	0.000014
0.0024050	1036932	889997	0.000013
0.0023800	1036932	896616	0.000014
0.0024175	1036932	900587	0.000016
0.0024375	1058995	901911	0.000015
0.0024225	1054582	901469	0.000018
0.0024425	1063407	905882	0.000018
0.0024525	1076645	907647	0.000017
0.0024525	1063407	914266	0.000018
0.0024725	1072232	918678	0.000019
0.0024900	1076645	919119	0.000018
0.0025250	1089882	920443	0.000023
0.0025225	1094295	925738	0.000020
0.0024950	1085470	931033	0.000021
0.0024575	1081057	938534	0.000020
0.0025100	1103120	946918	0.000023
0.0024925	1107532	947800	0.000022
0.0025300	1103120	949124	0.000027
0.0025250	1125182	952654	0.000025
0.0025550	1120770	957508	0.000024
0.0025425	1116357	963244	0.000025
0.0025975	1125182	969422	0.000024
0.0025475	1142832	970745	0.000028
0.0025400	1134007	973393	0.000030
0.0025550	1147244	978246	0.000027
0.0025725	1142832	980894	0.000029
0.0026200	1142832	989278	0.000025
0.0025975	1147244	995896	0.000030
0.0025850	1164894	997661	0.000028
0.0026675	1164894	1000309	0.000031
0.0026200	1164894	1006045	0.000031
0.0026125	1178132	1011340	0.000031
0.0026325	1173719	1014429	0.000030
0.0026650	1182544	1016635	0.000033
0.0026650	1191369	1022371	0.000033
0.0026550	1186957	1028990	0.000036
0.0026750	1213432	1031637	0.000036
0.0026975	1209019	1036932	0.000036
0.0026900	1200194	1041786	0.000036
0.0026900	1204607	1045757	0.000036
0.0027075	1226669	1051494	0.000036
0.0027000	1217844	1055024	0.000038
0.0027500	1222257	1064290	0.000037
0.0026675	1226669	1073556	0.000040
0.0027450	1244319	1074880	0.000039
0.0027500	1235494	1077527	0.000039
0.0027275	1248731	1083263	0.000041
0.0027625	1253144	1088558	0.000041
0.0027675	1253144	1096060	0.000040
0.0027925	1257556	1103120	0.000042
0.0027725	1266381	1103561	0.000042
0.0027825	1266381	1107973	0.000044
0.0028100	1279619	1113268	0.000045
0.0027925	1275206	1115033	0.000044
0.0027550	1279619	1122535	0.000045
0.0028050	1275206	1130036	0.000047
0.0027750	1301681	1130477	0.000048
0.0028450	1292856	1133566	0.000049
0.0028750	1314919	1137537	0.000047
0.0028550	1314919	1142391	0.000047
0.0028375	1310506	1149451	0.000048
0.0028550	1314919	1156511	0.000049
0.0029100	1323744	1154746	0.000049
0.0028550	1323744	1160041	0.000051
0.0029075	1341393	1161806	0.000050
0.0028675	1336981	1164012	0.000051
0.0028725	1336981	1173719	0.000052
0.0028925	1341393	1178132	0.000056
0.0029375	1354631	1181220	0.000051
0.0029050	1345806	1183868	0.000055
0.0029275	1372281	1189604	0.000056
0.0029350	1359043	1191810	0.000056
0.0029675	1376693	1202400	0.000055
0.0029350	1363456	1208578	0.000058
0.0029750	1385518	1213432	0.000056
0.0029675	1376693	1216079	0.000057
0.0030150	1403168	1220492	0.000061
0.0029825	1416406	1224904	0.000059
0.0029750	1394343	1231964	0.000059
0.0030100	1389931	1238583	0.000062
0.0030100	1420818	1238583	0.000062
0.0030325	1411993	1242995	0.000063
0.0030825	1434056	1246966	0.000062
0.0030275	1420818	1250938	0.000063
0.0030100	1429643	1257998	0.000063
0.0030150	1438468	1267705	0.000063
0.0030400	1442880	1270353	0.000065
0.0031025	1447293	1274765	0.000067
0.0030475	1469355	1278295	0.000068
0.0030775	1464943	1283149	0.000068
0.0030725	1469355	1288002	0.000070
0.0031025	1456118	1289767	0.000068
0.0031500	1482593	1294621	0.000069
0.0031100	1482593	1299916	0.000070
0.0030775	1495830	1303446	0.000071
0.0031300	1491418	1306535	0.000072
0.0031425	1495830	1308300	0.000070
0.0031725	1491418	1312271	0.000074
0.0031400	1509068	1318449	0.000073
0.0031500	1517893	1323744	0.000073
0.0031500	1513480	1333010	0.000071
0.0031650	1509068	1340952	0.000075
0.0031475	1522305	1342276	0.000075
0.0032175	1522305	1344923	0.000077
0.0032550	1553192	1348895	0.000077
0.0031475	1531130	1351542	0.000079
0.0032000	1544367	1359043	0.000079
0.0031950	1539955	1365221	0.000080
0.0032500	1570842	1365662	0.000080
0.0032575	1566430	1367427	0.000081
0.0032400	1579667	1368751	0.000080
0.0032625	1570842	1372722	0.000082
0.0032550	1575255	1381106	0.000080
0.0032875	1570842	1386842	0.000083
0.0032850	1588492	1388166	0.000081
0.0032675	1597317	1393461	0.000088
0.0032825	1606142	1396549	0.000085
0.0032775	1601730	1399638	0.000085
0.0032500	1592905	1406698	0.000084
0.0033150	1601730	1412434	0.000087
0.0033325	1628205	1414641	0.000089
0.0033125	1623792	1417288	0.000088
0.0033175	1637030	1422142	0.000089
0.0033450	1623792	1428319	0.000089
0.0033525	1637030	1435821	0.000090
0.0032775	1650267	1439792	0.000092
0.0034000	1650267	1441557	0.000089
0.0033650	1654679	1445528	0.000094
0.0033975	1681154	1449058	0.000093
0.0034125	1667917	1451705	0.000093
0.0033825	1667917	1458765	0.000093
0.0034000	1676742	1467149	0.000095
0.0033925	1698804	1465825	0.000095
0.0034750	1685567	1466267	0.000099
0.0034575	1716454	1469797	0.000099
0.0034600	1712042	1472885	0.000097
0.0034000	1703217	1480828	0.000097
0.0034600	1698804	1488329	0.000098
0.0034400	1729692	1490535	0.000099
0.0034850	1716454	1493624	0.000100
0.0034725	1756166	1499801	0.000101
0.0034750	1742929	1503331	0.000101
0.0034475	1747341	1511715	0.000102
0.0034825	1729692	1518334	0.000106
0.0035000	1760579	1520981	0.000103
0.0035425	1756166	1523629	0.000109
0.0035675	1778229	1528041	0.000106
0.0035000	1773816	1531571	0.000107
0.0035350	1773816	1536425	0.000106
0.0035250	1778229	1543485	0.000109
0.0035600	1804704	1546574	0.000109
0.0035775	1795879	1550545	0.000114
0.0035550	1822354	1557164	0.000109
0.0035975	1809116	1562017	0.000111
0.0035700	1800291	1565547	0.000112
0.0036100	1813529	1571725	0.000111
0.0036075	1826766	1577461	0.000113
0.0036150	1831179	1582315	0.000113
0.0036025	1822354	1590698	0.000113
0.0036325	1822354	1595111	0.000115
0.0036250	1844416	1599965	0.000114
0.0036450	1848828	1602171	0.000117
0.0036525	1862066	1604818	0.000120
0.0036425	1857653	1609672	0.000117
0.0036550	1866478	1619821	0.000116
0.0036825	1857653	1628205	0.000120
0.0036625	1884128	1629970	0.000118
0.0036725	1866478	1632617	0.000122
0.0036875	1892953	1637471	0.000121
0.0036750	1901778	1643648	0.000121
0.0037500	1901778	1651149	0.000121
0.0037200	1892953	1659092	0.000124
0.0037175	1910603	1660416	0.000125
0.0037600	1915016	1661298	0.000125
0.0037550	1937078	1666593	0.000126
0.0037500	1932666	1670564	0.000124
0.0037500	1932666	1678948	0.000125
0.0037850	1923841	1685126	0.000130
0.0037000	1954728	1685567	0.000129
0.0038425	1954728	1687332	0.000130
0.0037725	1972378	1692627	0.000129
0.0037650	1972378	1697039	0.000132
0.0038200	1972378	1704540	0.000129
0.0037875	1967965	1715572	0.000134
0.0037925	1981203	1716013	0.000135
0.0038350	1985615	1719102	0.000136
0.0038400	2012090	1724397	0.000135
0.0038600	2003265	1730574	0.000135
0.0038650	2016503	1742488	0.000134
0.0038300	2007678	1749989	0.000139
0.0038375	2029740	1751754	0.000135
0.0039100	2025328	1755725	0.000139
0.0038675	2047390	1762785	0.000141
0.0038675	2038565	1763668	0.000139
0.0039375	2042978	1772051	0.000141
0.0039275	2042978	1780435	0.000143
0.0038850	2051802	1781759	0.000143
0.0039700	2060627	1784406	0.000141
0.0039575	2069452	1788819	0.000142
0.0039850	2078277	1794114	0.000143
0.0039075	2065040	1802939	0.000143
0.0039550	2069452	1809116	0.000146
0.0039750	2091515	1809999	0.000144
0.0039750	2082690	1813970	0.000150
0.0040250	2113577	1818824	0.000145
0.0040125	2104752	1821912	0.000146
0.0039750	2087102	1823677	0.000145
0.0039850	2104752	1825884	0.000147
0.0040125	2122402	1828972	0.000149
0.0040775	2117990	1832944	0.000150
0.0040725	2144465	1835591	0.000151
0.0039900	2126815	1840004	0.000151
0.0040550	2140052	1843975	0.000152
0.0040500	2140052	1849270	0.000153
0.0040350	2148877	1854565	0.000151
0.0040375	2144465	1858095	0.000152
0.0040650	2148877	1868243	0.000154
0.0041125	2144465	1876186	0.000152
0.0040700	2166527	1876627	0.000157
0.0041350	2175352	1876627	0.000157
0.0040725	2184177	1879716	0.000157
0.0041000	2175352	1884570	0.000159
0.0040800	2184177	1893395	0.000159
0.0041725	2188589	1900454	0.000158
0.0041300	2201827	1900896	0.000159
0.0041525	2197414	1903102	0.000161
0.0041925	2223889	1909721	0.000161
0.0041875	2223889	1916339	0.000159
0.0041650	2223889	1924723	0.000162
0.0041500	2228302	1936637	0.000165
0.0042000	2241539	1940608	0.000166
0.0041950	2232714	1942814	0.000167
0.0041950	2263601	1947227	0.000167
0.0041725	2259189	1953404	0.000169
0.0042175	2263601	1961788	0.000164
0.0042525	2268014	1967965	0.000171
0.0042100	2285664	1966200	0.000168
0.0042325	2285664	1967965	0.000172
0.0042525	2307726	1973702	0.000170
0.0042475	2307726	1975908	0.000172
0.0042550	2298901	1983850	0.000175
0.0043100	2298901	1992675	0.000171
0.0042775	2325376	1994882	0.000173
0.0043375	2325376	1997529	0.000177
0.0043000	2338614	2003265	0.000174
0.0043025	2343026	2009001	0.000175
0.0043050	2343026	2019150	0.000179
0.0043025	2329789	2028416	0.000179
0.0043550	2360676	2031505	0.000177
0.0043300	2347439	2031946	0.000183
0.0043700	2378326	2035476	0.000179
0.0043250	2365088	2039006	0.000180
0.0043250	2365088	2049596	0.000180
0.0043875	2365088	2054891	0.000183
0.0044025	2387151	2056215	0.000182
0.0043625	2387151	2059745	0.000186
0.0043725	2395976	2064157	0.000183
0.0044075	2409213	2065922	0.000186
0.0044300	2400388	2074306	0.000183
0.0044425	2400388	2084896	0.000186
0.0044275	2422451	2086661	0.000188
0.0044900	2413626	2089750	0.000187
0.0044600	2431276	2090632	0.000189
0.0044350	2431276	2094604	0.000188
0.0044725	2440101	2096369	0.000189
0.0045075	2435688	2099016	0.000190
0.0044750	2453338	2103428	0.000188
0.0044650	2462163	2106958	0.000191
0.0045025	2479813	2107400	0.000194
0.0045350	2462163	2109606	0.000191
0.0045175	2466575	2113136	0.000192
0.0044975	2466575	2115342	0.000193
0.0045350	2493050	2119313	0.000194
0.0045225	2484225	2124608	0.000196
0.0045100	2484225	2134316	0.000193
0.0045725	2497463	2142700	0.000196
0.0045700	2497463	2141817	0.000197
0.0045675	2488638	2144465	0.000199
0.0045550	2515113	2148877	0.000199
0.0045900	2515113	2153290	0.000197
0.0045525	2515113	2160349	0.000198
0.0045875	2510700	2166968	0.000200
0.0045825	2523938	2169174	0.000202
0.0046300	2532763	2170498	0.000202
0.0046600	2554825	2173587	0.000200
0.0046225	2546000	2177999	0.000201
0.0046350	2550413	2190354	0.000203
0.0046325	2532763	2196973	0.000205
0.0046000	2559238	2198738	0.000202
0.0046800	2550413	2201827	0.000207
0.0046400	2576887	2205798	0.000208
0.0046975	2568062	2211093	0.000205
0.0047225	2572475	2218594	0.000204
0.0047050	2581300	2224330	0.000209
0.0046975	2585712	2225654	0.000208
0.0046975	2594537	2228302	0.000210
0.0047375	2621012	2231390	0.000210
0.0047075	2603362	2235362	0.000210
0.0047175	2607775	2244628	0.000210
0.0047625	2625425	2250805	0.000211
0.0047475	2621012	2252129	0.000214
0.0047575	2634250	2255218	0.000215
0.0047775	2638662	2260071	0.000213
0.0047500	2634250	2265808	0.000212
0.0047800	2638662	2275074	0.000213
0.0048300	2634250	2282575	0.000215
0.0048150	2665137	2281693	0.000215
0.0047925	2665137	2282575	0.000219
0.0048125	2678374	2286105	0.000220
0.0048200	2669549	2290959	0.000220
0.0047575	2673962	2299784	0.000218
0.0048225	2673962	2305961	0.000221
0.0048225	2704849	2305961	0.000219
0.0048675	2700437	2306844	0.000224
0.0048350	2718087	2312139	0.000222
0.0048375	2709262	2315227	0.000222
0.0048375	2726912	2320081	0.000223
0.0049000	2713674	2328465	0.000223
0.0048625	2726912	2331995	0.000222
0.0049125	2731324	2336849	0.000226
0.0049425	2753387	2341702	0.000226
0.0048700	2740149	2346997	0.000225
0.0049225	2748974	2350969	0.000227
0.0049025	2740149	2355381	0.000229
0.0049500	2757799	2358911	0.000229
0.0049275	2753387	2363323	0.000231
0.0049275	2753387	2370383	0.000228
0.0049650	2757799	2376561	0.000230
0.0050175	2775449	2378326	0.000229
0.0050000	2766624	2382297	0.000233
0.0049725	2788686	2388916	0.000233
0.0050075	2788686	2392446	0.000233
0.0049850	2788686	2403918	0.000233
0.0050025	2797511	2411861	0.000235
0.0050150	2801924	2410537	0.000235
0.0050375	2815161	2414067	0.000236
0.0050300	2810749	2419362	0.000234
0.0050075	2815161	2422009	0.000235
0.0050500	2828399	2433482	0.000236
0.0050850	2810749	2441424	0.000236
0.0050675	2837224	2440983	0.000241
0.0051050	2841636	2444954	0.000241
0.0050850	2850461	2451573	0.000242
0.0050800	2854874	2457751	0.000239
0.0050625	2846049	2472753	0.000239
0.0051075	2850461	2482019	0.000241
0.0051000	2859286	2486432	0.000240
0.0051400	2872523	2490844	0.000244
0.0051100	2894586	2493933	0.000244
0.0051225	2885761	2497904	0.000246
0.0051325	2872523	2509818	0.000242
0.0051625	2881348	2517760	0.000248
0.0051700	2907823	2516878	0.000247
0.0051550	2898998	2520408	0.000249
0.0051425	2925473	2524379	0.000247
0.0051625	2916648	2527909	0.000247
0.0051925	2907823	2537616	0.000249
0.0052075	2907823	2546883	0.000249
0.0051975	2934298	2549530	0.000251
0.0052175	2934298	2551295	0.000252
0.0052375	2956361	2557031	0.000255
0.0052175	2947536	2562326	0.000253
0.0052425	2947536	2574240	0.000254
0.0052325	2947536	2583065	0.000252
0.0052350	2960773	2582624	0.000252
0.0052550	2965186	2586154	0.000258
0.0052500	2974011	2589684	0.000257
0.0052600	2974011	2594979	0.000256
0.0052700	2978423	2606010	0.000257
0.0053150	2996073	2616600	0.000260
0.0053225	2996073	2616158	0.000257
0.0053300	2991660	2620571	0.000259
0.0053325	3022548	2626307	0.000261
0.0053500	3018135	2632043	0.000260
0.0052750	3009310	2644840	0.000259
0.0053225	3013723	2654547	0.000260
0.0053550	3031373	2658077	0.000262
0.0054000	3035785	2662490	0.000264
0.0053925	3035785	2666461	0.000263
0.0053700	3040198	2669991	0.000262
0.0053600	3040198	2672638	0.000264
0.0053875	3044610	2674844	0.000265
0.0053925	3066673	2677492	0.000266
0.0054225	3071085	2681904	0.000267
0.0053900	3084322	2686317	0.000269
0.0053525	3062260	2688523	0.000268
0.0053900	3075498	2693377	0.000268
0.0054350	3084322	2696466	0.000271
0.0054150	3084322	2699113	0.000269
0.0054375	3101972	2703526	0.000271
0.0054200	3097560	2714998	0.000271
0.0055000	3088735	2726029	0.000273
0.0054400	3106385	2726912	0.000273
0.0054825	3115210	2727794	0.000275
0.0055400	3124035	2728677	0.000275
0.0054850	3119622	2733530	0.000274
0.0054425	3115210	2740149	0.000276
0.0054975	3132860	2749415	0.000276
0.0054875	3146097	2750739	0.000276
0.0055225	3128447	2753828	0.000278
0.0055325	3163747	2757358	0.000278
0.0055375	3163747	2760005	0.000277
0.0055300	3154922	2767507	0.000279
0.0055375	3154922	2775008	0.000281
0.0055675	3163747	2776773	0.000278
0.0055450	3163747	2779861	0.000283
0.0055675	3190222	2782068	0.000281
0.0055725	3185809	2781626	0.000283
0.0055725	3185809	2788686	0.000281
0.0056100	3190222	2796188	0.000286
0.0055850	3203459	2795746	0.000283
0.0056400	3203459	2794864	0.000285
0.0056100	3216697	2799718	0.000286
0.0056400	3225522	2801924	0.000286
0.0056550	3221109	2811631	0.000286
0.0056400	3216697	2818691	0.000287
0.0056975	3229934	2822221	0.000288
0.0056800	3229934	2825310	0.000289
0.0056325	3251997	2830605	0.000292
0.0056675	3238759	2831929	0.000291
0.0056725	3260822	2842960	0.000294
0.0056900	3260822	2849579	0.000292
0.0056850	3260822	2848255	0.000291
0.0057325	3274059	2850020	0.000295
0.0057375	3282884	2850461	0.000292
0.0057400	3287296	2853109	0.000294
0.0057400	3287296	2861492	0.000294
0.0057650	3287296	2870317	0.000295
0.0057500	3300534	2873847	0.000297
0.0057350	3287296	2876936	0.000299
0.0057625	3322596	2880025	0.000299
0.0057475	3309359	2887967	0.000300
0.0057750	3309359	2897675	0.000297
0.0058050	3313771	2906058	0.000301
0.0058325	3331421	2907382	0.000299
0.0058575	3331421	2910030	0.000303
0.0058225	3335834	2914883	0.000304
0.0058275	3349071	2918413	0.000302
0.0058700	3353484	2920620	0.000301
0.0058275	3344659	2925473	0.000306
0.0058075	3366721	2932092	0.000303
0.0058600	3366721	2932974	0.000305
0.0058625	3393196	2936946	0.000309
0.0058700	3384371	2943123	0.000308
0.0058750	3388783	2947977	0.000306
0.0058925	3384371	2951507	0.000308
0.0059100	3397608	2954596	0.000308
0.0059000	3393196	2959891	0.000307
0.0059150	3402021	2968716	0.000308
0.0059650	3415258	2974893	0.000311
0.0059625	3415258	2972687	0.000310
0.0059425	3415258	2976658	0.000311
0.0059600	3432908	2982394	0.000313
0.0059400	3428496	2984600	0.000313
0.0059325	3432908	2995632	0.000313
0.0059750	3432908	3005339	0.000310
0.0059675	3441733	3006222	0.000313
0.0060325	3450558	3007987	0.000316
0.0060175	3454971	3012399	0.000314
0.0060100	3459383	3016812	0.000317
0.0059925	3468208	3026078	0.000316
0.0060350	3450558	3033138	0.000318
0.0059975	3477033	3033579	0.000317
0.0060425	3481446	3036226	0.000319
0.0060525	3499095	3039756	0.000319
0.0060300	3494683	3042845	0.000320
0.0060175	3494683	3053435	0.000320
0.0060625	3503508	3059613	0.000324
0.0060825	3507920	3060054	0.000321
0.0060650	3512333	3064025	0.000325
0.0061250	3534395	3067996	0.000324
0.0060800	3529983	3072409	0.000326
0.0060775	3529983	3080792	0.000325
0.0061275	3534395	3087411	0.000329
0.0061150	3534395	3085205	0.000326
0.0061150	3534395	3083881	0.000327
0.0061575	3560870	3086529	0.000326
0.0061525	3547633	3089617	0.000328
0.0061350	3556458	3097560	0.000329
0.0061925	3556458	3104179	0.000330
0.0061450	3565283	3104179	0.000328
0.0061625	3569695	3106385	0.000332
0.0062100	3582933	3110797	0.000332
0.0062050	3587345	3114769	0.000332
0.0062250	3582933	3127124	0.000329
0.0061775	3591757	3139037	0.000335
0.0061775	3604995	3138596	0.000333
0.0062050	3609407	3142567	0.000337
0.0062350	3618232	3146097	0.000335
0.0062175	3618232	3150068	0.000336
0.0062275	3613820	3152716	0.000335
0.0062450	3600582	3157128	0.000340
0.0062525	3631470	3161541	0.000338
0.0062775	3635882	3164630	0.000339
0.0062625	3635882	3167277	0.000340
0.0063400	3649120	3168160	0.000338
0.0062850	3649120	3169925	0.000341
0.0063125	3653532	3171690	0.000342
0.0063025	3662357	3176985	0.000341
0.0062900	3662357	3180073	0.000341
0.0063175	3666770	3192428	0.000343
0.0063200	3662357	3198164	0.000343
0.0063325	3675595	3196399	0.000343
0.0063375	3688832	3202136	0.000344
0.0063475	3697657	3205666	0.000345
0.0063475	3688832	3207431	0.000346
0.0063550	3702069	3218903	0.000345
0.0063925	3702069	3228169	0.000348
0.0062925	3719719	3229052	0.000347
0.0064100	3715307	3232140	0.000351
0.0064525	3732957	3233464	0.000347
0.0063975	3715307	3236994	0.000351
0.0064000	3732957	3246702	0.000348
0.0064525	3732957	3251997	0.000348
0.0064200	3741782	3251997	0.000352
0.0064475	3750607	3257733	0.000353
0.0064600	3759432	3263469	0.000354
0.0064750	3759432	3268764	0.000353
0.0064650	3759432	3276265	0.000355
0.0065125	3768257	3282002	0.000357
0.0064650	3759432	3281119	0.000355
0.0064850	3768257	3284649	0.000359
0.0065225	3785907	3288620	0.000357
0.0064800	3790319	3292591	0.000357
0.0065050	3785907	3302299	0.000357
0.0065100	3790319	3308476	0.000359
0.0065675	3807969	3305388	0.000359
0.0066000	3807969	3304505	0.000362
0.0065675	3821206	3308476	0.000357
0.0065600	3821206	3312006	0.000365
0.0065525	3830031	3323038	0.000364
0.0066175	3821206	3327891	0.000364
0.0065425	3838856	3327891	0.000363
0.0065950	3847681	3328774	0.000363
0.0065775	3847681	3333186	0.000365
0.0066350	3852094	3336716	0.000363
0.0065875	3843269	3347306	0.000365
0.0066050	3865331	3356131	0.000367
0.0066250	3865331	3357896	0.000368
0.0066775	3865331	3362309	0.000369
0.0066425	3878569	3368486	0.000370
0.0066675	3878569	3375105	0.000368
0.0066550	3882981	3383489	0.000369
0.0066575	3882981	3389225	0.000370
0.0066725	3896219	3387460	0.000370
0.0067000	3896219	3387901	0.000372
0.0066800	3900631	3387901	0.000370
0.0066775	3905043	3387901	0.000375
0.0066800	3900631	3390990	0.000372
0.0067125	3905043	3395843	0.000377
0.0067350	3922693	3391872	0.000376
0.0067425	3940343	3391872	0.000377
0.0067450	3935931	3396726	0.000375
0.0067375	3935931	3402462	0.000375
0.0067825	3935931	3406433	0.000375
0.0067850	3944756	3412170	0.000379
0.0067475	3949168	3419230	0.000377
0.0068250	3957993	3424966	0.000377
0.0067950	3962406	3432467	0.000381
0.0067600	3957993	3435556	0.000378
0.0068000	3953581	3439086	0.000377
0.0068350	3957993	3442174	0.000380
0.0068225	3971231	3446146	0.000380
0.0068250	3975643	3447911	0.000380
0.0068125	3962406	3457618	0.000380
0.0068250	3988881	3466002	0.000382
0.0068275	3975643	3464237	0.000382
0.0068700	4010943	3468208	0.000384
0.0068550	4002118	3473944	0.000383
0.0068925	3997706	3479681	0.000383
0.0068625	3993293	3491594	0.000383
0.0069350	4010943	3501743	0.000384
0.0068925	4015355	3501302	0.000387
0.0068975	4019768	3505273	0.000388
0.0069050	4033005	3508803	0.000386
0.0068950	4037418	3511892	0.000386
0.0069125	4024180	3522923	0.000387
0.0069450	4028593	3529100	0.000390
0.0070000	4046243	3529100	0.000389
0.0069700	4059480	3529983	0.000389
0.0069125	4046243	3533954	0.000391
0.0069725	4059480	3535719	0.000393
0.0069600	4063893	3545426	0.000392
0.0069925	4068305	3552486	0.000393
0.0069900	4072718	3552045	0.000393
0.0070075	4077130	3553369	0.000397
0.0070650	4094780	3557340	0.000393
0.0070075	4085955	3560870	0.000395
0.0069925	4081543	3570136	0.000392
0.0070450	4099193	3577196	0.000397
0.0070225	4094780	3577638	0.000396
0.0070775	4094780	3581168	0.000399
0.0070375	4099193	3586021	0.000396
0.0070400	4108017	3591757	0.000396
0.0070575	4125667	3604112	0.000397
0.0070775	4108017	3614261	0.000399
0.0071250	4125667	3616026	0.000399
0.0071350	4143317	3620880	0.000400
0.0070875	4134492	3626175	0.000402
0.0070975	4143317	3631911	0.000401
0.0071150	4147730	3639412	0.000403
0.0071500	4160967	3647355	0.000401
0.0071250	4165380	3644266	0.000404
0.0071750	4165380	3644707	0.000406
0.0071375	4169792	3648237	0.000405
0.0071850	4178617	3651326	0.000404
0.0072000	4169792	3660592	0.000403
0.0071600	4178617	3665005	0.000407
0.0071975	4196267	3663240	0.000405
0.0071975	4209504	3664563	0.000408
0.0071925	4200680	3671623	0.000409
0.0072225	4205092	3674712	0.000411
0.0071925	4187442	3681331	0.000408
0.0072550	4209504	3687508	0.000411
0.0072325	4213917	3690156	0.000412
0.0072775	4235979	3692803	0.000412
0.0072825	4227154	3698981	0.000412
0.0072475	4231567	3705158	0.000412
0.0072675	4222742	3709571	0.000412
0.0072425	4235979	3714866	0.000414
0.0073025	4244804	3716189	0.000414
0.0073175	4244804	3721484	0.000413
0.0073250	4240392	3733398	0.000413
0.0073600	4253629	3741782	0.000413
0.0073075	4262454	3744429	0.000418
0.0073275	4266867	3747518	0.000418
0.0073400	4266867	3749283	0.000418
0.0073500	4266867	3753254	0.000416
0.0073650	4271279	3762962	0.000417
0.0073400	4280104	3771787	0.000420
0.0073500	4293342	3773110	0.000419
0.0073800	4293342	3774875	0.000421
0.0073625	4306579	3779729	0.000420
0.0073650	4293342	3785024	0.000422
0.0073925	4306579	3798261	0.000421
0.0074125	4315404	3809293	0.000422
0.0073900	4315404	3812823	0.000423
0.0074300	4324229	3817676	0.000424
0.0074125	4324229	3828708	0.000423
0.0074550	4319816	3836209	0.000424
0.0074700	4324229	3852535	0.000426
0.0074675	4333054	3864449	0.000426
0.0074550	4346291	3866214	0.000424
0.0074875	4355116	3869744	0.000427
0.0074525	4355116	3874597	0.000428
0.0074500	4355116	3878569	0.000427
0.0074975	4359529	3892247	0.000427
0.0075150	4368354	3904602	0.000431
0.0074850	4372766	3903278	0.000429
0.0075725	4394829	3908132	0.000430
0.0075450	4390416	3912986	0.000431
0.0075325	4386004	3920487	0.000436
0.0075350	4377179	3934607	0.000431
0.0075825	4408066	3948286	0.000435
0.0075000	4408066	3946962	0.000431
0.0075825	4416891	3954463	0.000436
0.0075800	4421303	3956228	0.000434
0.0075725	4416891	3960199	0.000437
0.0075750	4421303	3972113	0.000437
0.0076150	4434541	3979173	0.000439
0.0075975	4438953	3980497	0.000438
0.0076100	4438953	3983144	0.000438
0.0076000	4447778	3989763	0.000441
0.0076550	4447778	3993734	0.000440
0.0076050	4443366	4003442	0.000438
0.0076700	4469841	4007413	0.000442
0.0076650	4461016	4015355	0.000440
0.0076400	4474253	4019768	0.000444
0.0076600	4474253	4025504	0.000446
0.0076550	4474253	4030358	0.000443
0.0076450	4483078	4033888	0.000444
0.0077300	4491903	4036094	0.000444
0.0076950	4483078	4039183	0.000444
0.0076975	4500728	4043595	0.000443
0.0076975	4500728	4053303	0.000441
0.0077300	4496316	4061245	0.000446
0.0077125	4509553	4062128	0.000447
0.0077275	4527203	4066099	0.000450
0.0077175	4513965	4072276	0.000448
0.0077475	4518378	4078895	0.000449
0.0077150	4527203	4093456	0.000449
0.0077700	4531615	4106252	0.000450
0.0078125	4531615	4108017	0.000450
0.0077725	4540440	4110224	0.000457
0.0077750	4540440	4115077	0.000453
0.0077700	4549265	4120372	0.000451
0.0077875	4558090	4130080	0.000455
0.0078075	4558090	4138464	0.000454
0.0078150	4566915	4138464	0.000455
0.0078275	4584565	4140670	0.000456
0.0078075	4571328	4145524	0.000458
0.0078500	4588978	4149936	0.000457
0.0078150	4584565	4158761	0.000456
0.0078375	4597803	4166262	0.000457
0.0078550	4597803	4164056	0.000459
0.0078825	4606628	4166262	0.000460
0.0079000	4619865	4171557	0.000459
0.0078850	4611040	4175970	0.000460
0.0079125	4619865	4183912	0.000459
0.0079175	4628690	4191413	0.000462
0.0079150	4628690	4187883	0.000461
0.0079450	4641927	4188766	0.000466
0.0079300	4655165	4192737	0.000465
0.0079725	4650752	4196267	0.000463
0.0079900	4650752	4210387	0.000465
0.0079675	4650752	4219212	0.000466
0.0079000	4659577	4218329	0.000464
0.0080150	4677227	4221859	0.000467
0.0079950	4681640	4232008	0.000468
0.0080000	4681640	4239951	0.000468
0.0079775	4668402	4249658	0.000468
0.0080175	4694877	4254512	0.000469
0.0080075	4694877	4251864	0.000472
0.0080275	4716940	4254953	0.000472
0.0080100	4716940	4259807	0.000471
0.0080700	4708115	4266425	0.000471
0.0080300	4694877	4279663	0.000472
0.0080750	4716940	4286282	0.000473
0.0080650	4721352	4283193	0.000472
0.0080675	4752239	4283634	0.000475
0.0080800	4734589	4292900	0.000475
0.0080475	4743414	4302608	0.000477
0.0080925	4743414	4318051	0.000476
0.0081275	4743414	4326876	0.000478
0.0080725	4752239	4324670	0.000478
0.0081375	4769889	4325553	0.000482
0.0081075	4769889	4332171	0.000480
0.0081600	4774302	4340555	0.000480
0.0081350	4774302	4347615	0.000477
0.0081675	4796364	4354675	0.000480
0.0081775	4787539	4360411	0.000479
0.0082050	4791952	4367912	0.000486
0.0081350	4800777	4375414	0.000485
0.0081875	4800777	4381150	0.000483
0.0081600	4800777	4391740	0.000484
0.0082075	4818427	4398800	0.000488
0.0081900	4809602	4406742	0.000486
0.0082400	4818427	4412920	0.000483
0.0082050	4818427	4423068	0.000487
0.0082225	4831664	4431011	0.000486
0.0082125	4840489	4429687	0.000486
0.0082550	4853726	4429687	0.000488
0.0082825	4840489	4424392	0.000489
0.0082575	4858139	4421303	0.000490
0.0082850	4853726	4429687	0.000489
0.0082925	4866964	4439395	0.000493
0.0082725	4858139	4437188	0.000493
0.0083300	4893439	4435423	0.000494
0.0082950	4889026	4434541	0.000496
0.0082875	4889026	4432776	0.000495
0.0083000	4880201	4445131	0.000493
0.0083400	4889026	4453515	0.000494
0.0083350	4902264	4460575	0.000494
0.0083725	4915501	4470723	0.000498
0.0083325	4924326	4475577	0.000497
0.0083600	4919914	4477342	0.000496
0.0083625	4919914	4486167	0.000501
0.0083825	4924326	4494992	0.000501
0.0083925	4941976	4499846	0.000499
0.0084075	4946388	4508671	0.000502
0.0083950	4941976	4514407	0.000501
0.0084225	4946388	4522349	0.000502
0.0083975	4941976	4534263	0.000499
0.0084275	4946388	4544853	0.000501
0.0084200	4959626	4543970	0.000505
0.0084475	4977276	4547500	0.000505
0.0084750	4972863	4551030	0.000505
0.0084650	4972863	4559414	0.000505
0.0084750	4972863	4570445	0.000504
0.0084650	4968451	4578388	0.000506
0.0084800	4981688	4575740	0.000506
0.0085150	4999338	4575740	0.000509
0.0084750	4999338	4584124	0.000508
0.0084500	4999338	4589419	0.000508
0.0085475	4999338	4603539	0.000509
0.0085400	5008163	4614129	0.000510
0.0085050	5003751	4615452	0.000512
0.0085250	5012576	4615011	0.000513
0.0085250	5034638	4624277	0.000514
0.0085225	5047875	4631779	0.000513
0.0085250	5034638	4645457	0.000511
0.0085750	5034638	4653841	0.000514
0.0085800	5052288	4653841	0.000514
0.0085850	5074350	4655165	0.000515
0.0085975	5061113	4660460	0.000517
0.0085875	5065525	4667961	0.000518
0.0086225	5069938	4679433	0.000518
0.0086475	5083175	4690906	0.000519
0.0086300	5083175	4687376	0.000519
0.0086625	5100825	4688258	0.000521
0.0086600	5109650	4695760	0.000519
0.0086525	5100825	4706791	0.000522
0.0086925	5100825	4713410	0.000521
0.0086600	5109650	4721352	0.000521
0.0086575	5118475	4720911	0.000522
0.0087250	5131712	4721793	0.000524
0.0086925	5136125	4729294	0.000524
0.0087100	5122888	4736354	0.000522
0.0087325	5131712	4744297	0.000524
0.0086975	5136125	4752239	0.000524
0.0087375	5144950	4754446	0.000528
0.0087000	5153775	4755769	0.000525
0.0087350	5140537	4766359	0.000525
0.0087375	5162600	4774743	0.000528
0.0087425	5171425	4782685	0.000529
0.0087975	5175837	4786215	0.000530
0.0088000	5167012	4790628	0.000529
0.0088075	5180250	4795040	0.000529
0.0087750	5167012	4806072	0.000531
0.0088100	5189075	4812690	0.000532
0.0088400	5193487	4814455	0.000532
0.0088600	5211137	4817544	0.000533
0.0088350	5206725	4823721	0.000534
0.0088375	5211137	4829899	0.000535
0.0088250	5206725	4838283	0.000533
0.0088075	5228787	4849314	0.000537
0.0088350	5224375	4851520	0.000537
0.0088350	5224375	4853285	0.000538
0.0088350	5242024	4850638	0.000538
0.0089025	5250849	4847990	0.000535
0.0088650	5237612	4859463	0.000539
0.0089000	5246437	4866523	0.000540
0.0088675	5246437	4862551	0.000540
0.0089225	5272912	4862993	0.000541
0.0088800	5281737	4870935	0.000542
0.0089100	5268499	4876230	0.000543
0.0089250	5281737	4889467	0.000542
0.0089375	5281737	4900057	0.000545
0.0089350	5290562	4909324	0.000545
0.0089675	5308212	4922561	0.000547
0.0089425	5303799	4932710	0.000548
0.0089350	5312624	4943300	0.000546
0.0089500	5308212	4961832	0.000546
0.0089825	5317037	4975952	0.000548
0.0089925	5325862	4975511	0.000548
0.0090200	5325862	4978599	0.000551
0.0090000	5334686	4983894	0.000552
0.0090100	5343511	4990954	0.000549
0.0089750	5334686	4998014	0.000550
0.0090100	5343511	5004633	0.000551
0.0090200	5352336	5009928	0.000550
0.0090400	5352336	5014782	0.000554
0.0091200	5383224	5017871	0.000553
0.0090225	5369986	5020518	0.000555
0.0090550	5369986	5026254	0.000555
0.0090750	5369986	5031108	0.000556
0.0090575	5396461	5035962	0.000558
0.0090800	5396461	5040374	0.000555
0.0091125	5387636	5050082	0.000556
0.0091525	5400874	5058465	0.000558
0.0090850	5392049	5055818	0.000559
0.0091375	5400874	5056259	0.000559
0.0091250	5422936	5065084	0.000561
0.0091150	5431761	5074350	0.000562
0.0091625	5418524	5087588	0.000560
0.0091500	5427349	5098178	0.000563
0.0091425	5431761	5096854	0.000561
0.0092200	5444998	5101266	0.000563
0.0091775	5458236	5110091	0.000565
0.0091625	5458236	5117151	0.000566
0.0091925	5458236	5128183	0.000565
0.0091875	5462648	5137449	0.000568
0.0091725	5467061	5131712	0.000569
0.0092125	5484711	5129506	0.000571
0.0092225	5489123	5137449	0.000571
0.0092200	5484711	5144067	0.000567
0.0092725	5489123	5154216	0.000567
0.0092750	5475886	5161276	0.000571
0.0092350	5506773	5156864	0.000570
0.0092875	5506773	5156864	0.000574
0.0092575	5528836	5166130	0.000572
0.0092725	5524423	5176279	0.000575
0.0092800	5511186	5192163	0.000574
0.0093350	5520011	5204077	0.000575
0.0093150	5550898	5199665	0.000573
0.0093475	5546485	5199665	0.000577
0.0093150	5559723	5209813	0.000577
0.0093475	5559723	5215991	0.000577
0.0093375	5550898	5230111	0.000579
0.0093550	5555310	5240701	0.000578
0.0092900	5577373	5238936	0.000579
0.0094000	5586198	5238053	0.000582
0.0093450	5595023	5247761	0.000581
0.0093625	5599435	5243789	0.000583
0.0093525	5599435	5257909	0.000584
0.0093850	5590610	5268941	0.000585
0.0094325	5612673	5264969	0.000584
0.0094500	5621498	5267617	0.000586
0.0094000	5630323	5279972	0.000588
0.0094075	5621498	5289679	0.000586
0.0094250	5621498	5302475	0.000585
0.0094375	5617085	5316154	0.000588
0.0094775	5652385	5311300	0.000590
0.0094950	5661210	5322332	0.000591
0.0094900	5656797	5330274	0.000590
0.0094900	5647972	5339981	0.000591
0.0094675	5656797	5348365	0.000593
0.0094750	5661210	5352778	0.000593
0.0094900	5670035	5342188	0.000593
0.0095125	5665622	5336893	0.000594
0.0094975	5700922	5344394	0.000594
0.0095525	5687685	5349689	0.000593
0.0095150	5687685	5355425	0.000594
0.0095175	5683272	5363809	0.000597
0.0095600	5709747	5368663	0.000596
0.0095550	5709747	5371310	0.000600
0.0095850	5727397	5387195	0.000597
0.0095550	5727397	5399550	0.000599
0.0095775	5722985	5409257	0.000598
0.0095775	5722985	5419406	0.000601
0.0096175	5736222	5428231	0.000600
0.0095575	5718572	5432644	0.000599
0.0096000	5727397	5447205	0.000601
0.0096700	5736222	5456030	0.000602
0.0096075	5745047	5454706	0.000603
0.0096250	5753872	5455588	0.000604
0.0096450	5767109	5461766	0.000605
0.0096325	5762697	5469267	0.000606
0.0096625	5767109	5488682	0.000603
0.0096600	5762697	5502361	0.000604
0.0096700	5780347	5496624	0.000606
0.0096825	5780347	5500596	0.000608
0.0096950	5802409	5508097	0.000607
0.0097250	5806822	5516922	0.000606
0.0096775	5789172	5531483	0.000606
0.0096975	5793584	5545162	0.000609
0.0096950	5824472	5543397	0.000608
0.0097225	5820059	5545162	0.000613
0.0097350	5833297	5546044	0.000613
0.0097250	5828884	5549574	0.000612
0.0097300	5833297	5562370	0.000612
0.0097625	5837709	5569430	0.000613
0.0098125	5850946	5564135	0.000613
0.0097600	5868596	5563253	0.000616
0.0098025	5864184	5572519	0.000615
0.0097600	5864184	5580462	0.000613
0.0098125	5864184	5579579	0.000614
0.0098100	5859771	5577373	0.000616
0.0097825	5877421	5565459	0.000616
0.0098250	5877421	5556634	0.000617
0.0098525	5886246	5563253	0.000618
0.0098375	5903896	5568989	0.000620
0.0098475	5895071	5586198	0.000619
0.0098900	5899484	5598111	0.000620
0.0098250	5908309	5594581	0.000624
0.0098900	5912721	5594140	0.000625
0.0098725	5930371	5613996	0.000623
0.0098900	5934784	5632970	0.000623
0.0098600	5921546	5647531	0.000625
0.0099125	5934784	5658562	0.000625
0.0099450	5939196	5647972	0.000624
0.0099200	5939196	5644001	0.000628
0.0099175	5952433	5648414	0.000627
0.0099475	5948021	5653267	0.000630
0.0099400	5948021	5666064	0.000628
0.0099875	5961258	5674889	0.000630
0.0099400	5974496	5670917	0.000628
0.0099425	5974496	5668270	0.000633
0.0099775	5987733	5688126	0.000631
0.0099625	5996558	5704452	0.000633
0.0099600	5987733	5730045	0.000632
0.0099900	5996558	5746371	0.000633
0.0100025	6000971	5741958	0.000631
0.0100175	6009796	5741076	0.000636
0.0100350	6014208	5746371	0.000636
0.0100350	6018621	5755196	0.000634
0.0100375	6018621	5760932	0.000636
0.0100675	6018621	5767109	0.000636
0.0100775	6027446	5772404	0.000636
0.0100825	6036271	5778141	0.000640
0.0100625	6045096	5779906	0.000638
0.0100775	6049508	5782553	0.000638
0.0100850	6036271	5784759	0.000635
0.0101250	6049508	5787407	0.000639
0.0100850	6058333	5791819	0.000639
0.0101000	6058333	5793143	0.000640
0.0100950	6049508	5809910	0.000639
0.0101325	6058333	5818735	0.000642
0.0101150	6075983	5808587	0.000641
0.0101075	6067158	5801968	0.000643
0.0101475	6084808	5807704	0.000643
0.0101625	6089220	5814323	0.000642
0.0101425	6089220	5829767	0.000643
0.0101525	6080395	5836385	0.000646
0.0101475	6084808	5822265	0.000647
0.0102475	6102458	5811675	0.000645
0.0102025	6102458	5811234	0.000648
0.0102150	6106870	5810352	0.000644
0.0102000	6106870	5825354	0.000644
0.0102100	6106870	5833297	0.000645
0.0102100	6106870	5820500	0.000647
0.0102400	6115695	5809028	0.000649
0.0102475	6128933	5809028	0.000649
0.0102875	6120108	5813440	0.000647
0.0102725	6124520	5833297	0.000646
0.0103125	6124520	5846534	0.000648
0.0102900	6124520	5832855	0.000647
0.0103075	6115695	5825354	0.000648
0.0103125	6128933	5825795	0.000648
0.0102875	6128933	5828002	0.000649
0.0102600	6133345	5845652	0.000648
0.0103175	6124520	5860213	0.000649
0.0103500	6133345	5852270	0.000647
0.0103100	6137758	5847416	0.000650
0.0103800	6142170	5848299	0.000650
0.0103550	6137758	5850505	0.000651
0.0103525	6133345	5867714	0.000651
0.0104075	6128933	5882275	0.000652
0.0103650	6146583	5871685	0.000650
0.0103975	6142170	5868596	0.000654
0.0103750	6150995	5868596	0.000654
0.0103975	6155407	5869479	0.000651
0.0103750	6150995	5871685	0.000652
0.0104375	6164232	5875215	0.000652
0.0104325	6150995	5878745	0.000652
0.0104850	6173057	5881834	0.000652
0.0104725	6177470	5882275	0.000656
0.0104625	6168645	5882275	0.000653
0.0104850	6168645	5883599	0.000653
0.0104975	6173057	5885364	0.000654
0.0104875	6181882	5887129	0.000655
0.0104925	6164232	5890218	0.000655
0.0104875	6177470	5903014	0.000655
0.0104525	6177470	5908750	0.000656
0.0104900	6181882	5897278	0.000658
0.0104900	6186295	5890659	0.000657
0.0105600	6199532	5895071	0.000656
0.0104750	6195120	5901249	0.000656
0.0105600	6199532	5915369	0.000658
0.0105450	6195120	5925076	0.000658
0.0105850	6199532	5918016	0.000655
0.0105600	6199532	5914045	0.000663
0.0105500	6208357	5920664	0.000660
0.0105950	6221595	5929930	0.000658
0.0105500	6203945	5943609	0.000658
0.0106100	6212770	5956846	0.000663
0.0105975	6239245	5950227	0.000660
0.0106200	6230420	5947139	0.000663
0.0106300	6252482	5952875	0.000664
0.0106250	6239245	5959493	0.000665
0.0106275	6248070	5973172	0.000660
0.0106400	6243657	5984645	0.000663
0.0106625	6261307	5977585	0.000664
0.0106475	6270132	5973613	0.000666
0.0106875	6274544	5981556	0.000666
0.0106600	6265719	5986410	0.000667
0.0106850	6270132	5995235	0.000666
0.0107050	6283369	6002294	0.000671
0.0106400	6287782	5993470	0.000667
0.0107500	6287782	5985086	0.000671
0.0107050	6305432	5991705	0.000668
0.0106875	6305432	5997882	0.000671
0.0107050	6309844	6010678	0.000671
0.0107675	6314257	6020827	0.000671
0.0107425	6314257	6013326	0.000672
0.0108050	6331907	6010237	0.000674
0.0107800	6340732	6022592	0.000673
0.0107975	6336319	6034506	0.000673
0.0107725	6331907	6055244	0.000675
0.0107850	6323082	6073777	0.000678
0.0107875	6340732	6069805	0.000674
0.0108050	6345144	6069364	0.000676
0.0108175	6371619	6075983	0.000678
0.0108475	6362794	6082602	0.000677
0.0108250	6362794	6096280	0.000678
0.0108625	6358382	6105988	0.000678
0.0108750	6376031	6098487	0.000679
0.0108525	6367206	6094074	0.000678
0.0109150	6389269	6098045	0.000679
0.0109125	6380444	6102458	0.000677
0.0108625	6380444	6113930	0.000680
0.0109175	6393681	6121431	0.000683
0.0108950	6398094	6115254	0.000684
0.0109300	6402506	6113048	0.000686
0.0109175	6420156	6121431	0.000686
0.0108875	6411331	6128933	0.000683
0.0109450	6411331	6136434	0.000684
0.0109225	6420156	6143053	0.000686
0.0109275	6415744	6147906	0.000685
0.0109550	6428981	6152760	0.000691
0.0110050	6455456	6158496	0.000686
0.0109650	6442219	6164232	0.000688
0.0109300	6451044	6168204	0.000688
0.0109875	6442219	6173057	0.000692
0.0109975	6451044	6178352	0.000687
0.0110300	6455456	6182765	0.000690
0.0109875	6455456	6194237	0.000688
0.0110325	6451044	6201739	0.000692
0.0110475	6468693	6193796	0.000689
0.0109950	6468693	6188501	0.000693
0.0110300	6481931	6193355	0.000694
0.0110200	6473106	6198650	0.000693
0.0110275	6490756	6213211	0.000694
0.0110600	6481931	6222036	0.000694
0.0110925	6495168	6214976	0.000694
0.0110875	6495168	6211446	0.000696
0.0110925	6499581	6220271	0.000696
0.0111000	6521643	6226448	0.000695
0.0111025	6508406	6242775	0.000696
0.0111000	6503993	6255130	0.000698
0.0111175	6521643	6249835	0.000699
0.0111950	6521643	6247628	0.000699
0.0111675	6534881	6254688	0.000700
0.0111250	6530468	6263954	0.000699
0.0111825	6543706	6277192	0.000699
0.0111625	6543706	6289988	0.000700
0.0110975	6543706	6281163	0.000700
0.0112025	6556943	6279839	0.000703
0.0112150	6579005	6286899	0.000703
0.0111975	6565768	6294842	0.000705
0.0111875	6565768	6312050	0.000703
0.0111700	6570180	6323523	0.000704
0.0112400	6579005	6317787	0.000704
0.0112325	6583418	6312492	0.000706
0.0112275	6609893	6322640	0.000707
0.0112075	6587830	6328818	0.000706
0.0112550	6587830	6346468	0.000707
0.0112800	6596655	6359264	0.000708
0.0112575	6605480	6352204	0.000709
0.0112525	6618718	6348233	0.000710
0.0113000	6631955	6354410	0.000712
0.0112800	6631955	6361911	0.000707
0.0113225	6627543	6378238	0.000709
0.0113475	6640780	6392358	0.000712
0.0113175	6649605	6383974	0.000713
0.0113525	6649605	6382209	0.000714
0.0113475	6654018	6388386	0.000716
0.0113650	6658430	6395446	0.000714
0.0113400	6654018	6411331	0.000713
0.0113525	6649605	6425451	0.000715
0.0113775	6680492	6417950	0.000715
0.0113825	6667255	6413979	0.000717
0.0113850	6698142	6421480	0.000717
0.0113875	6680492	6428540	0.000719
0.0113850	6680492	6444866	0.000719
0.0114125	6693730	6457662	0.000722
0.0114425	6702555	6451485	0.000717
0.0115050	6698142	6447514	0.000721
0.0114650	6724617	6455456	0.000721
0.0113850	6715792	6460751	0.000720
0.0114400	6711380	6467811	0.000722
0.0114475	6702555	6475312	0.000723
0.0114300	6733442	6473547	0.000721
0.0115000	6733442	6470900	0.000724
0.0115225	6742267	6475753	0.000724
0.0114650	6733442	6478401	0.000724
0.0115000	6737855	6483255	0.000724
0.0115075	6742267	6487667	0.000726
0.0115100	6746680	6491197	0.000726
0.0115075	6755505	6495168	0.000724
0.0114850	6742267	6509730	0.000726
0.0115650	6755505	6518996	0.000727
0.0115550	6764330	6517231	0.000729
0.0115375	6759917	6520319	0.000730
0.0115800	6786392	6526056	0.000731
0.0115875	6781979	6532674	0.000729
0.0115750	6777567	6546794	0.000731
0.0116100	6777567	6558267	0.000730
0.0115800	6804042	6549883	0.000733
0.0115850	6795217	6545912	0.000734
0.0116025	6808454	6550324	0.000735
0.0116225	6817279	6556943	0.000734
0.0115975	6804042	6571945	0.000732
0.0116125	6812867	6583418	0.000735
0.0116250	6817279	6576358	0.000733
0.0116550	6821692	6572828	0.000738
0.0116850	6843754	6578564	0.000737
0.0116575	6852579	6584742	0.000737
0.0116625	6839342	6596655	0.000736
0.0116775	6834929	6606363	0.000740
0.0116675	6861404	6596214	0.000739
0.0116925	6852579	6590478	0.000741
0.0116675	6865817	6596655	0.000740
0.0117250	6865817	6601068	0.000742
0.0116925	6879054	6616511	0.000740
0.0117475	6887879	6628866	0.000742
0.0117175	6874641	6621365	0.000741
0.0117725	6892291	6615629	0.000745
0.0117775	6918766	6624895	0.000745
0.0117300	6892291	6629308	0.000745
0.0117600	6901116	6647840	0.000745
0.0117975	6896704	6660636	0.000745
0.0117475	6905529	6653135	0.000746
0.0117825	6918766	6649605	0.000748
0.0118375	6923179	6654459	0.000749
0.0118225	6945241	6659754	0.000748
0.0118450	6923179	6665049	0.000750
0.0118475	6932004	6671667	0.000749
0.0118550	6954066	6673432	0.000750
0.0118250	6949654	6680051	0.000752
0.0118775	6967304	6684464	0.000751
0.0118475	6962891	6687994	0.000751
0.0119000	6971716	6691965	0.000753
0.0118925	6962891	6695054	0.000753
0.0118700	6971716	6698584	0.000751
0.0119000	6976128	6700790	0.000753
0.0118600	6976128	6713586	0.000751
0.0119175	6980541	6722411	0.000757
0.0119250	6998191	6714469	0.000754
0.0119325	6989366	6710497	0.000757
0.0119675	7002603	6715351	0.000756
0.0119800	7002603	6721087	0.000757
0.0119550	6998191	6736090	0.000757
0.0119375	7007016	6748003	0.000759
0.0119550	7024666	6738296	0.000758
0.0120100	7024666	6735648	0.000760
0.0120200	7042316	6742267	0.000760
0.0119225	7042316	6748886	0.000762
0.0120175	7033491	6765653	0.000761
0.0120100	7033491	6776243	0.000762
0.0119850	7042316	6767418	0.000762
0.0120550	7055553	6764330	0.000765
0.0120125	7068791	6767860	0.000764
0.0120250	7064378	6772272	0.000767
0.0120100	7059966	6789481	0.000764
0.0120775	7064378	6799629	0.000766
0.0120350	7077615	6790804	0.000767
0.0120625	7086440	6788157	0.000770
0.0120700	7099678	6793893	0.000771
0.0120500	7090853	6798747	0.000771
0.0120975	7108503	6810219	0.000768
0.0120675	7090853	6819927	0.000771
0.0120900	7104090	6811102	0.000771
0.0121025	7112915	6806689	0.000773
0.0121500	7117328	6808896	0.000771
0.0121575	7126153	6812867	0.000773
0.0121100	7121740	6825663	0.000771
0.0121500	7117328	6833164	0.000775
0.0121625	7126153	6824780	0.000776
0.0121450	7126153	6820809	0.000777
0.0121850	7152628	6830958	0.000776
0.0121800	7157040	6837577	0.000777
0.0121675	7165865	6855227	0.000777
0.0121975	7157040	6867140	0.000778
0.0122050	7161453	6861404	0.000779
0.0122000	7170278	6858757	0.000779
0.0122250	7174690	6867140	0.000780
0.0122125	7187927	6873318	0.000777
0.0122600	7183515	6886996	0.000780
0.0122500	7179103	6900234	0.000782
0.0122375	7201165	6890968	0.000781
0.0122550	7196752	6887879	0.000785
0.0122850	7218815	6892291	0.000787
0.0122850	7218815	6898910	0.000784
0.0122850	7214402	6915236	0.000783
0.0122775	7218815	6928032	0.000787
0.0122050	7223227	6920531	0.000784
0.0123025	7232052	6918766	0.000788
0.0122925	7240877	6926267	0.000787
0.0123475	7245290	6932886	0.000788
0.0122900	7227640	6937740	0.000786
0.0123825	7240877	6943035	0.000788
0.0123525	7258527	6949212	0.000789
0.0124075	7254115	6954507	0.000792
0.0123500	7280590	6958037	0.000792
0.0123475	7271765	6959802	0.000792
0.0123450	7262940	6963774	0.000789
0.0123975	7276177	6967304	0.000793
0.0124100	7289414	6972157	0.000792
0.0123900	7289414	6975687	0.000793
0.0123950	7285002	6991131	0.000793
0.0124050	7280590	6999073	0.000795
0.0124025	7289414	6992896	0.000793
0.0124350	7293827	6987601	0.000798
0.0124450	7320302	6995102	0.000799
0.0124400	7311477	7001280	0.000797
0.0124600	7311477	7017165	0.000796
0.0124775	7324714	7029078	0.000797
0.0124550	7333539	7021577	0.000799
0.0125200	7333539	7017606	0.000798
0.0124875	7342364	7024225	0.000799
0.0124975	7351189	7030843	0.000798
0.0125125	7342364	7044963	0.000799
0.0125475	7351189	7057318	0.000801
0.0125050	7346777	7048052	0.000802
0.0125425	7364427	7045846	0.000805
0.0124950	7368839	7052023	0.000804
0.0125450	7368839	7056877	0.000803
0.0125725	7364427	7071879	0.000802
0.0125700	7377664	7082028	0.000805
0.0125950	7399726	7074968	0.000803
0.0125875	7382077	7072762	0.000808
0.0125900	7404139	7078939	0.000804
0.0125750	7404139	7086440	0.000807
0.0126075	7404139	7101002	0.000806
0.0126225	7399726	7112033	0.000806
0.0126250	7417376	7104090	0.000809
0.0126300	7421789	7101884	0.000813
0.0126500	7435026	7108503	0.000812
0.0126550	7435026	7117769	0.000811
0.0126500	7439439	7132330	0.000809
0.0126650	7426201	7144685	0.000811
0.0126425	7439439	7136301	0.000812
0.0126175	7443851	7133213	0.000814
0.0126875	7457089	7140714	0.000814
0.0126650	7457089	7147774	0.000813
0.0127050	7461501	7167630	0.000814
0.0127050	7457089	7180867	0.000813
0.0126925	7487976	7174690	0.000817
0.0127150	7479151	7171601	0.000817
0.0127475	7496801	7180426	0.000820
0.0126975	7496801	7185721	0.000818
0.0127250	7492388	7200282	0.000817
0.0127925	7496801	7211755	0.000820
0.0127650	7510038	7203812	0.000820
0.0127600	7510038	7200282	0.000823
0.0127650	7518863	7202489	0.000822
0.0127725	7510038	7208225	0.000821
0.0127775	7514451	7224992	0.000820
0.0128000	7518863	7235582	0.000824
0.0127950	7532101	7228081	0.000822
0.0128050	7532101	7227199	0.000826
0.0128375	7558576	7235582	0.000824
0.0128025	7549751	7241760	0.000826
0.0128425	7554163	7249702	0.000824
0.0128750	7558576	7258086	0.000830
0.0128800	7576226	7262940	0.000826
0.0128625	7558576	7265587	0.000830
0.0128725	7576226	7269558	0.000830
0.0128975	7580638	7273530	0.000829
0.0128725	7576226	7278383	0.000827
0.0128575	7571813	7282796	0.000833
0.0129000	7607113	7288091	0.000831
0.0129250	7598288	7293386	0.000829
0.0129125	7602700	7307064	0.000830
0.0129275	7607113	7316772	0.000834
0.0129225	7602700	7309271	0.000834
0.0129600	7611525	7308829	0.000836
0.0129375	7620350	7268676	0.000836
0.0129225	7629175	7231611	0.000834
0.0129400	7629175	7221462	0.000835
0.0129475	7624763	7210872	0.000837
0.0129725	7646825	7183074	0.000838
0.0130075	7642413	7158805	0.000839
0.0130150	7664475	7153510	0.000841
0.0130000	7651238	7147774	0.000838
0.0129925	7668888	7161894	0.000841
0.0130450	7660063	7169395	0.000843
0.0130875	7682125	7206019	0.000840
0.0130825	7682125	7243966	0.000843
0.0130625	7695362	7273971	0.000846
0.0130975	7695362	7300446	0.000843
0.0130800	7686538	7343247	0.000842
0.0130850	7695362	7381635	0.000845
0.0130500	7704187	7393549	0.000845
0.0131025	7713012	7406345	0.000847
0.0130575	7730662	7420906	0.000846
0.0130850	7730662	7432379	0.000849
0.0130875	7726250	7457530	0.000848
0.0131300	7721837	7477386	0.000849
0.0130825	7726250	7476062	0.000849
0.0131375	7726250	7478269	0.000848
0.0131175	7748312	7483564	0.000851
0.0131325	7752725	7488417	0.000850
0.0132000	7752725	7499890	0.000847
0.0132125	7757137	7510038	0.000851
0.0131975	7761550	7500331	0.000851
0.0132300	7761550	7497683	0.000852
0.0132025	7774787	7499448	0.000854
0.0132000	7779200	7500772	0.000853
0.0132000	7774787	7504743	0.000853
0.0131950	7774787	7506950	0.000854
0.0131950	7788025	7508273	0.000854
0.0132450	7792437	7510921	0.000857
0.0132300	7814499	7516657	0.000859
0.0132300	7796849	7521511	0.000856
0.0132225	7810087	7526806	0.000857
0.0132650	7805674	7532542	0.000860
0.0132850	7818912	7539602	0.000858
0.0133075	7818912	7548868	0.000856
0.0132700	7827737	7566077	0.000857
0.0132675	7814499	7578432	0.000860
0.0133125	7836562	7572696	0.000859
0.0132975	7832149	7570931	0.000861
0.0132975	7845387	7578432	0.000863
0.0133225	7836562	7585933	0.000862
0.0133225	7836562	7603142	0.000862
0.0133175	7845387	7617262	0.000863
0.0133875	7867449	7611084	0.000864
0.0134050	7863037	7608437	0.000865
0.0133925	7876274	7610643	0.000867
0.0133725	7871862	7617262	0.000863
0.0133600	7871862	7631382	0.000867
0.0133700	7867449	7642854	0.000869
0.0133850	7885099	7634912	0.000867
0.0134325	7889512	7630940	0.000870
0.0134275	7885099	7638883	0.000872
0.0134125	7902749	7644619	0.000869
0.0134225	7902749	7658298	0.000868
0.0134700	7898336	7668446	0.000870
0.0134875	7920399	7665799	0.000869
0.0134700	7911574	7662269	0.000875
0.0134750	7929224	7671976	0.000874
0.0134725	7933636	7679919	0.000872
0.0134525	7929224	7696245	0.000873
0.0134800	7933636	7707717	0.000875
0.0134875	7942461	7698451	0.000874
0.0135000	7955699	7695804	0.000879
0.0135300	7960111	7703305	0.000876
0.0135425	7964524	7712130	0.000877
0.0135225	7960111	7728456	0.000877
0.0135325	7951286	7743017	0.000880
0.0135400	7977761	7736399	0.000878
0.0135600	7982174	7732869	0.000880
0.0135950	7995411	7741252	0.000880
0.0135475	7999824	7750077	0.000881
0.0135925	8004236	7768610	0.000880
0.0135600	7995411	7780082	0.000882
0.0135475	8013061	7772581	0.000884
0.0135975	8013061	7769933	0.000886
0.0136500	8039536	7777876	0.000883
0.0135950	8030711	7785377	0.000884
0.0135975	8017473	7803468	0.000882
0.0135950	8030711	7814499	0.000888
0.0136325	8043948	7806116	0.000890
0.0136750	8052773	7802586	0.000888
0.0136700	8061598	7809204	0.000888
0.0136600	8057186	7815823	0.000890
0.0136525	8070423	7833914	0.000888
0.0136750	8061598	7845387	0.000891
0.0136650	8074836	7836121	0.000891
0.0136975	8074836	7833473	0.000893
0.0136875	8083661	7839651	0.000894
0.0137100	8083661	7848475	0.000890
0.0136925	8092486	7855094	0.000891
0.0137225	8101311	7861713	0.000893
0.0136875	8101311	7865684	0.000894
0.0137100	8101311	7871420	0.000895
0.0137250	8123373	7880245	0.000897
0.0137550	8127785	7887305	0.000896
0.0137525	8110135	7893483	0.000894
0.0138100	8110135	7899660	0.000899
0.0137525	8136610	7901425	0.000898
0.0137750	8127785	7905838	0.000898
0.0137800	8132198	7922164	0.000897
0.0137700	8136610	7934519	0.000899
0.0138100	8149848	7927459	0.000898
0.0138125	8158673	7924811	0.000901
0.0138225	8176323	7928341	0.000902
0.0138100	8154260	7934078	0.000902
0.0137900	8149848	7953051	0.000902
0.0138475	8167498	7963641	0.000905
0.0138725	8185148	7960552	0.000904
0.0138375	8185148	7962317	0.000906
0.0138525	8193973	7972466	0.000907
0.0138325	8180735	7977761	0.000908
0.0138700	8207210	7998059	0.000907
0.0138925	8189560	8013502	0.000909
0.0139200	8207210	8008648	0.000908
0.0139275	8220447	8009972	0.000910
0.0139200	8229272	8018356	0.000911
0.0139125	8229272	8030270	0.000910
0.0139025	8233685	8050567	0.000909
0.0139425	8238097	8062481	0.000914
0.0139350	8246922	8054097	0.000912
0.0139675	8246922	8055862	0.000916
0.0139375	8260160	8063363	0.000914
0.0139550	8264572	8071306	0.000914
0.0139975	8264572	8090279	0.000913
0.0139800	8260160	8100869	0.000918
0.0139600	8291047	8092044	0.000916
0.0140550	8286635	8089838	0.000919
0.0140000	8308697	8094692	0.000920
0.0140025	8286635	8103517	0.000919
0.0140425	8299872	8123373	0.000916
0.0140050	8304285	8138375	0.000920
0.0140375	8295460	8133963	0.000918
0.0140525	8295460	8133963	0.000924
0.0140475	8313109	8141023	0.000923
0.0140650	8313109	8150289	0.000922
0.0140725	8321934	8171028	0.000921
0.0141300	8326347	8185589	0.000923
0.0140775	8343997	8181618	0.000922
0.0140875	8339584	8179853	0.000926
0.0140450	8357234	8188236	0.000927
0.0141375	8361647	8198385	0.000926
0.0140800	8348409	8218241	0.000924
0.0141650	8357234	8231479	0.000926
0.0140825	8374884	8227507	0.000929
0.0141325	8374884	8227949	0.000930
0.0141625	8388122	8236332	0.000931
0.0141500	8388122	8244716	0.000929
0.0141650	8392534	8257953	0.000929
0.0141650	8388122	8269426	0.000930
0.0142000	8405772	8261483	0.000931
0.0142475	8410184	8257071	0.000932
0.0141925	8432246	8261042	0.000935
0.0141700	8414596	8267220	0.000933
0.0142250	8414596	8273838	0.000935
0.0142225	8410184	8280016	0.000935
0.0142375	8436659	8286635	0.000935
0.0142525	8454309	8291488	0.000939
0.0142725	8445484	8302961	0.000938
0.0142475	8449896	8311786	0.000936
0.0142150	8449896	8320169	0.000938
0.0142650	8449896	8326788	0.000939
0.0142600	8463134	8334289	0.000940
0.0142825	8463134	8339584	0.000940
0.0142475	8463134	8358117	0.000939
0.0142975	8471959	8369589	0.000942
0.0143000	8480784	8362088	0.000942
0.0143400	8480784	8362088	0.000943
0.0143100	8502846	8367383	0.000943
0.0143300	8502846	8374443	0.000943
0.0143250	8507259	8392975	0.000943
0.0143725	8511671	8404889	0.000945
0.0143850	8516083	8398712	0.000945
0.0143425	8524908	8397388	0.000946
0.0144100	8538146	8400918	0.000948
0.0144100	8538146	8408419	0.000946
0.0143300	8524908	8425186	0.000946
0.0143900	8533733	8435335	0.000952
0.0144100	8551383	8427834	0.000948
0.0143875	8555796	8424745	0.000952
0.0144125	8560208	8432246	0.000953
0.0144475	8569033	8442395	0.000950
0.0144250	8560208	8461369	0.000951
0.0144325	8569033	8474165	0.000952
0.0144300	8569033	8470194	0.000954
0.0144325	8591096	8470635	0.000956
0.0144750	8599921	8479460	0.000956
0.0144400	8608746	8486520	0.000956
0.0144400	8604333	8507700	0.000957
0.0144975	8604333	8521820	0.000956
0.0145075	8617570	8514760	0.000956
0.0145100	8613158	8509465	0.000961
0.0145050	8630808	8513436	0.000962
0.0145200	8639633	8521820	0.000960
0.0145100	8626395	8538587	0.000960
0.0145575	8630808	8550501	0.000959
0.0145325	8644045	8542558	0.000962
0.0145825	8657283	8542558	0.000964
0.0145925	8661695	8531086	0.000963
0.0145750	8661695	8525350	0.000963
0.0145775	8652870	8518290	0.000965
0.0146050	8657283	8517848	0.000964
0.0146275	8688170	8497110	0.000964
0.0146400	8688170	8481225	0.000968
0.0146200	8696995	8457398	0.000968
0.0146225	8688170	8438865	0.000969
0.0146250	8692583	8424745	0.000967
0.0146475	8696995	8408419	0.000969
0.0146300	8701408	8395182	0.000968
0.0146500	8696995	8384150	0.000965
0.0146025	8688170	8376208	0.000967
0.0146425	8683758	8362529	0.000966
0.0146225	8679345	8352822	0.000968
0.0146150	8692583	8342232	0.000965
0.0146200	8683758	8332083	0.000969
0.0146000	8683758	8321934	0.000969
0.0146500	8679345	8309579	0.000966
0.0145975	8683758	8301196	0.000967
0.0146225	8679345	8290165	0.000965
0.0146250	8683758	8278692	0.000967
0.0145850	8679345	8266337	0.000967
0.0145600	8670520	8256630	0.000966
0.0146125	8683758	8248246	0.000964
0.0146250	8679345	8239421	0.000964
0.0146525	8679345	8230155	0.000966
0.0146050	8683758	8222212	0.000965
0.0146025	8679345	8215152	0.000965
0.0146100	8679345	8206769	0.000965
0.0146050	8670520	8198385	0.000966
0.0146375	8679345	8190443	0.000964
0.0146250	8661695	8182500	0.000962
0.0146275	8661695	8175881	0.000966
0.0146000	8666108	8167498	0.000966
0.0146225	8661695	8160438	0.000966
0.0146375	8670520	8152054	0.000962
0.0146125	8683758	8144553	0.000966
0.0146000	8674933	8134845	0.000965
0.0146050	8670520	8125579	0.000963
0.0146125	8670520	8118078	0.000963
0.0146200	8661695	8110577	0.000968
0.0145925	8666108	8103958	0.000964
0.0146225	8670520	8095133	0.000963
0.0146550	8661695	8088073	0.000964
0.0146100	8652870	8079248	0.000966
0.0146450	8666108	8072629	0.000965
0.0146275	8661695	8065128	0.000962
0.0146250	8657283	8059392	0.000964
0.0146250	8661695	8053214	0.000964
0.0145950	8652870	8046155	0.000962
0.0146200	8652870	8038653	0.000962
0.0146275	8648458	8031593	0.000963
0.0145975	8661695	8024533	0.000962
0.0145850	8652870	8016591	0.000964
0.0146275	8657283	8008648	0.000962
0.0146450	8661695	7998059	0.000962
0.0146075	8657283	7987910	0.000964
0.0146175	8644045	7979526	0.000962
0.0146225	8648458	7969819	0.000962
0.0146350	8648458	7960994	0.000961
0.0145900	8652870	7952610	0.000962
0.0146450	8644045	7943344	0.000961
0.0146250	8635220	7935401	0.000961
0.0146050	8644045	7926135	0.000960
0.0146675	8635220	7919516	0.000962
0.0146500	8639633	7914221	0.000963
0.0146150	8635220	7907161	0.000959
0.0146275	8639633	7900101	0.000962
0.0146500	8635220	7893924	0.000960
0.0146625	8635220	7888188	0.000959
0.0146475	8639633	7882452	0.000959
0.0146250	8635220	7877598	0.000960
0.0146475	8626395	7873627	0.000958
0.0146475	8635220	7867890	0.000960
0.0146800	8635220	7862154	0.000958
0.0146475	8621983	7856418	0.000959
0.0146225	8617570	7853770	0.000959
0.0146375	8613158	7848475	0.000959
0.0146650	8617570	7844946	0.000959
0.0146400	8617570	7839651	0.000959
0.0146750	8630808	7833914	0.000960
0.0146375	8617570	7827737	0.000958
0.0146125	8617570	7819794	0.000959
0.0146275	8630808	7816706	0.000959
0.0146300	8621983	7812734	0.000959
0.0146025	8635220	7808763	0.000958
0.0146375	8621983	7801262	0.000961
0.0146225	8621983	7798173	0.000959
0.0146350	8626395	7792878	0.000961
0.0146575	8630808	7788025	0.000957
0.0146825	8621983	7781847	0.000957
0.0146425	8621983	7778317	0.000959
0.0146475	8617570	7775670	0.000957
0.0146150	8621983	7771257	0.000957
0.0146325	8621983	7764638	0.000958
0.0146425	8613158	7759785	0.000960
0.0146225	8621983	7757137	0.000959
0.0146275	8617570	7752283	0.000956
0.0146375	8613158	7748753	0.000957
0.0146350	8621983	7745665	0.000958
0.0146750	8621983	7743459	0.000957
0.0146000	8608746	7738605	0.000959
0.0146375	8617570	7731545	0.000957
0.0146475	8613158	7726250	0.000959
0.0146300	8617570	7724926	0.000957
0.0146425	8617570	7721396	0.000958
0.0146575	8617570	7717866	0.000958
0.0146950	8617570	7713454	0.000958
0.0146150	8608746	7709041	0.000956
0.0146375	8608746	7703746	0.000957
0.0146500	8613158	7699334	0.000958
0.0146600	8613158	7694921	0.000958
0.0146425	8613158	7693597	0.000955
0.0146225	8608746	7690068	0.000958
0.0146300	8608746	7683890	0.000957
0.0146250	8608746	7679036	0.000956
0.0146425	8617570	7673741	0.000957
0.0146175	8599921	7669329	0.000959
0.0146475	8608746	7665799	0.000958
0.0146250	8595508	7662269	0.000954
0.0146325	8617570	7658298	0.000957
0.0146200	8608746	7655650	0.000958
0.0146500	8608746	7650355	0.000957
0.0146475	8604333	7644619	0.000956
0.0146425	8604333	7641971	0.000958
0.0146750	8608746	7638442	0.000957
0.0146475	8599921	7634912	0.000957
0.0146275	8595508	7630058	0.000956
0.0146575	8599921	7626087	0.000955
0.0146525	8599921	7621674	0.000958
0.0146800	8613158	7618585	0.000955
0.0146700	8599921	7612408	0.000956
0.0146600	8599921	7609760	0.000955
0.0146250	8599921	7605789	0.000957
0.0146300	8599921	7600935	0.000955
0.0146800	8599921	7597405	0.000956
0.0145875	8595508	7592552	0.000953
0.0146225	8595508	7589463	0.000956
0.0146550	8595508	7583286	0.000957
0.0146450	8595508	7579314	0.000955
0.0146500	8599921	7575343	0.000959
0.0146350	8595508	7575343	0.000955
0.0146650	8595508	7571372	0.000955
0.0146550	8595508	7568724	0.000956
0.0146625	8604333	7565194	0.000957
0.0146300	8595508	7560782	0.000957
0.0146525	8604333	7558576	0.000956
0.0146525	8591096	7556369	0.000955
0.0146525	8586683	7554604	0.000956
0.0146875	8595508	7552839	0.000954
0.0146775	8595508	7547986	0.000955
0.0146600	8591096	7543573	0.000956
0.0146950	8595508	7541808	0.000955
0.0146550	8595508	7540484	0.000956
0.0146475	8599921	7539161	0.000956
0.0146550	8591096	7535190	0.000954
0.0146425	8595508	7531660	0.000955
0.0146500	8586683	7525923	0.000956
0.0146400	8599921	7521070	0.000953
0.0146550	8599921	7515775	0.000954
0.0146250	8577858	7514451	0.000955
0.0146375	8586683	7509156	0.000954
0.0146425	8595508	7503861	0.000953
0.0146600	8582271	7499448	0.000958
0.0146975	8586683	7494595	0.000953
0.0146475	8577858	7493712	0.000955
0.0146700	8573446	7489300	0.000955
0.0146575	8591096	7488417	0.000955
0.0146550	8595508	7486211	0.000956
0.0146675	8582271	7483564	0.000954
0.0146575	8586683	7477827	0.000954
0.0146650	8577858	7475621	0.000952
0.0146400	8573446	7473415	0.000952
0.0146450	8573446	7470767	0.000955
0.0146750	8582271	7468561	0.000955
0.0146550	8586683	7465472	0.000954
0.0146625	8577858	7464590	0.000955
0.0146775	8586683	7461060	0.000953
0.0146500	8573446	7457530	0.000955
0.0146925	8582271	7453117	0.000952
0.0146750	8577858	7451794	0.000955
0.0146350	8591096	7448264	0.000953
0.0146625	8577858	7445616	0.000956
0.0146300	8577858	7441645	0.000954
0.0146150	8577858	7437674	0.000954
0.0146475	8573446	7433261	0.000955
0.0146250	8577858	7428408	0.000954
0.0146550	8577858	7426643	0.000953
0.0146850	8577858	7422230	0.000951
0.0146975	8573446	7419583	0.000953
0.0146425	8577858	7416494	0.000953
0.0146400	8586683	7412081	0.000954
0.0146425	8573446	7406786	0.000952
0.0146625	8577858	7404580	0.000956
0.0146350	8577858	7402374	0.000953
0.0146475	8569033	7400609	0.000954
0.0146375	8560208	7395755	0.000954
0.0146600	8573446	7390460	0.000952
0.0146300	8586683	7390019	0.000954
0.0146575	8577858	7387813	0.000954
0.0146925	8573446	7384283	0.000953
0.0146825	8582271	7382518	0.000952
0.0146575	8569033	7382077	0.000953
0.0146475	8573446	7378988	0.000950
0.0146500	8569033	7375458	0.000952
0.0146625	8573446	7372810	0.000952
0.0146475	8573446	7372369	0.000955
0.0146350	8560208	7370163	0.000953
0.0146800	8577858	7368398	0.000953
0.0146900	8577858	7366192	0.000953
0.0146625	8573446	7363985	0.000951
0.0146675	8582271	7360014	0.000952
0.0146350	8569033	7356043	0.000953
0.0146950	8573446	7354719	0.000953
0.0146925	8573446	7351630	0.000951
0.0146375	8577858	7348100	0.000952
0.0146550	8577858	7343688	0.000954
0.0147100	8569033	7341040	0.000952
0.0146725	8569033	7336628	0.000949
0.0146725	8564621	7335304	0.000957
0.0146900	8560208	7332657	0.000952
0.0146300	8555796	7332657	0.000953
0.0146550	8569033	7330892	0.000951
0.0146650	8569033	7326921	0.000952
0.0146900	8569033	7324714	0.000951
0.0146625	8564621	7321626	0.000951
0.0146850	8569033	7322508	0.000951
0.0146750	8569033	7321184	0.000951
0.0146425	8569033	7318978	0.000950
0.0146625	8555796	7313683	0.000950
0.0146175	8564621	7311477	0.000954
0.0146600	8564621	7308829	0.000955
0.0146900	8555796	7307064	0.000953
0.0146600	8573446	7302211	0.000954
0.0146975	8573446	7299563	0.000952
0.0146775	8569033	7296474	0.000952
0.0146675	8577858	7291621	0.000951
0.0146650	8573446	7286767	0.000955
0.0146850	8560208	7285002	0.000953
0.0146625	8560208	7285002	0.000952
0.0146475	8569033	7283237	0.000951
0.0146500	8564621	7281031	0.000951
0.0146575	8560208	7280148	0.000951
0.0146650	8569033	7278825	0.000952
0.0146650	8564621	7275736	0.000952
0.0146400	8564621	7275295	0.000952
0.0146425	8551383	7273088	0.000953
0.0146600	8555796	7272647	0.000952
0.0146850	8560208	7268235	0.000951
0.0146625	8551383	7264705	0.000952
0.0146500	8564621	7260733	0.000950
0.0146475	8555796	7256321	0.000950
0.0146625	8564621	7250143	0.000951
0.0146250	8560208	7248378	0.000950
0.0146500	8555796	7248378	0.000952
0.0147125	8555796	7246172	0.000949
0.0146775	8555796	7242642	0.000952
0.0146475	8551383	7239553	0.000952
0.0147025	8564621	7241760	0.000952
0.0146900	8560208	7240436	0.000952
0.0146800	8555796	7239553	0.000952
0.0146675	8551383	7237347	0.000952
0.0146600	8564621	7237347	0.000950
0.0146350	8555796	7235141	0.000951
0.0146600	8569033	7231170	0.000952
0.0146525	8555796	7228522	0.000951
0.0146650	8560208	7226757	0.000952
0.0146450	8555796	7224551	0.000950
0.0146375	8555796	7219256	0.000952
0.0146825	8555796	7216609	0.000949
0.0146725	8555796	7213079	0.000949
0.0146625	8555796	7212637	0.000951
0.0146500	8555796	7207784	0.000950
0.0147000	8555796	7206019	0.000949
0.0146525	8551383	7203371	0.000953
0.0146400	8569033	7200724	0.000950
0.0146625	8542558	7199841	0.000950
0.0146500	8564621	7197194	0.000950
0.0146850	8555796	7195429	0.000950
0.0146500	8555796	7192340	0.000951
0.0146625	8555796	7191016	0.000952
0.0146425	8551383	7186604	0.000949
0.0146550	8555796	7185721	0.000951
0.0146625	8546971	7181309	0.000951
0.0146725	8564621	7180426	0.000950
0.0146875	8560208	7176896	0.000951
0.0146850	8564621	7174249	0.000950
0.0146575	8546971	7172925	0.000949
0.0147050	8555796	7169836	0.000949
0.0146900	8546971	7168071	0.000949
0.0146450	8533733	7167189	0.000951
0.0146600	8546971	7165865	0.000952
0.0146675	8551383	7163659	0.000949
0.0146875	8555796	7162335	0.000952
0.0146750	8546971	7158364	0.000952
0.0146475	8551383	7156599	0.000951
0.0147150	8551383	7155716	0.000947
0.0146450	8538146	7153510	0.000951
0.0146625	8546971	7149980	0.000949
0.0146675	8533733	7146891	0.000949
0.0146650	8555796	7143803	0.000953
0.0146900	8542558	7141596	0.000950
0.0146375	8546971	7139831	0.000951
0.0146975	8546971	7138949	0.000948
0.0146450	8546971	7140714	0.000951
0.0146650	8555796	7138949	0.000950
0.0146375	8551383	7136301	0.000949
0.0146975	8555796	7133654	0.000950
0.0146575	8551383	7132771	0.000951
0.0146700	8551383	7130565	0.000949
0.0146650	8542558	7127035	0.000948
0.0146650	8551383	7125270	0.000950
0.0146600	8542558	7122623	0.000949
0.0146550	8538146	7118210	0.000949
0.0147025	8551383	7112915	0.000947
0.0146850	8546971	7112033	0.000950
0.0146550	8542558	7110268	0.000948
0.0146475	8542558	7108062	0.000950
0.0146600	8551383	7106738	0.000949
0.0146575	8538146	7105414	0.000949
0.0146625	8542558	7104973	0.000951
0.0146350	8546971	7103649	0.000948
0.0146850	8542558	7099237	0.000947
0.0146725	8551383	7097913	0.000952
0.0146975	8546971	7096148	0.000950
0.0146600	8538146	7091735	0.000946
0.0146800	8542558	7089970	0.000951
0.0146350	8529321	7088647	0.000949
0.0146525	8542558	7086882	0.000951
0.0146725	8542558	7084234	0.000948
0.0146750	8533733	7082028	0.000952
0.0146800	8546971	7079380	0.000950
0.0146875	8538146	7081587	0.000948
0.0146825	8542558	7082910	0.000951
0.0147100	8538146	7081587	0.000949
0.0147000	8542558	7081587	0.000948
0.0146625	8542558	7078057	0.000948
0.0147325	8542558	7074527	0.000947
0.0147100	8551383	7073644	0.000948
0.0146075	8524908	7074086	0.000951
0.0146550	8542558	7074086	0.000949
0.0146375	8533733	7072321	0.000949
0.0146400	8542558	7070556	0.000948
0.0146500	8538146	7067026	0.000949
0.0146675	8542558	7063937	0.000947
0.0146750	8546971	7061289	0.000948
0.0146750	8538146	7060848	0.000948
0.0146650	8533733	7059524	0.000948
0.0147025	8538146	7056436	0.000950
0.0146550	8529321	7053788	0.000947
0.0146550	8546971	7048052	0.000947
0.0146700	8538146	7045404	0.000948
0.0146400	8546971	7042316	0.000950
0.0146625	8551383	7039227	0.000948
0.0147025	8538146	7039668	0.000947
0.0146550	8538146	7037462	0.000950
0.0146800	8542558	7034814	0.000949
0.0146500	8533733	7032167	0.000948
0.0146600	8538146	7027313	0.000947
0.0146800	8546971	7024666	0.000950
0.0146475	8533733	7024666	0.000950
0.0146975	8533733	7022460	0.000947
0.0146675	8538146	7019812	0.000947
0.0146375	8538146	7018047	0.000948
0.0146825	8533733	7013193	0.000948
0.0146650	8529321	7011428	0.000947
0.0146625	8529321	7009663	0.000947
0.0146850	8538146	7008781	0.000948
0.0146725	8529321	7009222	0.000946
0.0147225	8551383	7008781	0.000945
0.0146675	8520496	7006133	0.000948
0.0147025	8533733	7006133	0.000948
0.0146850	8533733	7007016	0.000950
0.0147050	8533733	7007016	0.000947
0.0146650	8538146	7006133	0.000950
0.0147075	8533733	7005692	0.000947
0.0146900	8538146	7004368	0.000949
0.0146800	8529321	7002162	0.000949
0.0146525	8529321	7002162	0.000948
0.0146675	8533733	6999073	0.000949
0.0146800	8524908	6998632	0.000945
0.0146525	8524908	6996426	0.000949
0.0146900	8538146	6992455	0.000947
0.0146775	8533733	6990248	0.000945
0.0146800	8529321	6988483	0.000948
0.0146700	8516083	6984953	0.000947
0.0146700	8524908	6982747	0.000949
0.0147000	8533733	6979217	0.000947
0.0146650	8533733	6976128	0.000947
0.0146650	8538146	6973922	0.000948
0.0146650	8524908	6973040	0.000947
0.0146650	8529321	6971716	0.000946
0.0146550	8520496	6970392	0.000950
0.0146900	8533733	6967745	0.000948
0.0146875	8529321	6966862	0.000948
0.0146600	8533733	6966421	0.000947
0.0146500	8520496	6964215	0.000949
0.0146475	8524908	6965097	0.000947
0.0147175	8529321	6962891	0.000946
0.0147175	8538146	6961126	0.000947
0.0146925	8529321	6956714	0.000946
0.0146725	8529321	6954507	0.000948
0.0147150	8538146	6952301	0.000946
0.0146750	8529321	6951419	0.000948
0.0146800	8533733	6950977	0.000947
0.0147225	8533733	6947889	0.000946
0.0146625	8529321	6947447	0.000947
0.0147025	8538146	6946124	0.000949
0.0147100	8529321	6943917	0.000946
0.0147175	8529321	6942594	0.000947
0.0146725	8516083	6940829	0.000947
0.0146725	8520496	6938181	0.000948
0.0147025	8533733	6937740	0.000947
0.0146675	8529321	6935534	0.000945
0.0147125	8529321	6932004	0.000946
0.0146500	8533733	6931121	0.000946
0.0147100	8524908	6928474	0.000947
0.0146500	8520496	6925826	0.000945
0.0147250	8533733	6925826	0.000948
0.0147025	8516083	6925385	0.000945
0.0146925	8524908	6924944	0.000945
0.0146375	8529321	6924061	0.000947
0.0146725	8529321	6920973	0.000948
0.0146825	8533733	6920531	0.000946
0.0146500	8529321	6917001	0.000945
0.0146850	8524908	6916119	0.000945
0.0146800	8529321	6913030	0.000947
0.0146575	8529321	6912589	0.000945
0.0146625	8524908	6912148	0.000946
0.0146650	8520496	6909941	0.000949
0.0146850	8533733	6909941	0.000948
0.0146550	8511671	6908618	0.000945
0.0146850	8520496	6908618	0.000947
0.0146950	8524908	6905970	0.000946
0.0146900	8529321	6908618	0.000946
0.0146625	8533733	6906411	0.000945
0.0146550	8511671	6908176	0.000946
0.0146575	8524908	6906411	0.000945
0.0146650	8520496	6903764	0.000947
0.0146850	8524908	6902440	0.000948
0.0146800	8529321	6898469	0.000947
0.0146850	8516083	6897145	0.000945
0.0146775	8520496	6894056	0.000945
0.0147025	8529321	6892291	0.000948
0.0147050	8524908	6891409	0.000945
0.0146775	8516083	6893174	0.000944
0.0147275	8524908	6888320	0.000945
0.0146725	8516083	6888320	0.000946
0.0147125	8520496	6883908	0.000945
0.0146875	8516083	6882143	0.000945
0.0147175	8520496	6881260	0.000947
0.0146850	8516083	6879495	0.000947
0.0146150	8516083	6878613	0.000944
0.0147175	8516083	6878613	0.000944
0.0146525	8516083	6875965	0.000945
0.0146600	8524908	6871994	0.000944
0.0146525	8516083	6872876	0.000945
0.0146625	8516083	6868905	0.000946
0.0146475	8516083	6869788	0.000947
0.0146675	8507259	6866699	0.000943
0.0146600	8516083	6868023	0.000947
0.0146625	8516083	6865817	0.000947
0.0146825	8524908	6861845	0.000948
0.0146600	8520496	6856109	0.000945
0.0146725	8524908	6854344	0.000946
0.0146575	8511671	6851697	0.000947
0.0147100	8529321	6849049	0.000944
0.0146900	8520496	6849490	0.000947
0.0146725	8516083	6847725	0.000946
0.0147225	8511671	6848167	0.000945
0.0146725	8511671	6842430	0.000943
0.0146625	8520496	6840665	0.000945
0.0146800	8516083	6841107	0.000943
0.0146625	8516083	6841548	0.000945
0.0146900	8516083	6838018	0.000945
0.0146950	8516083	6836694	0.000943
0.0146750	8516083	6834047	0.000947
0.0146775	8511671	6831840	0.000945
0.0146675	8516083	6830958	0.000944
0.0146850	8507259	6829634	0.000944
0.0147050	8520496	6831399	0.000945
0.0146900	8520496	6829634	0.000943
0.0147025	8524908	6828310	0.000945
0.0146950	8516083	6826987	0.000945
0.0147175	8516083	6825222	0.000947
0.0146800	8507259	6823898	0.000946
0.0146775	8516083	6823015	0.000947
0.0146375	8520496	6819486	0.000944
0.0146850	8516083	6817721	0.000943
0.0146600	8516083	6816397	0.000945
0.0146850	8502846	6815514	0.000945
0.0146750	8511671	6815073	0.000946
0.0146700	8502846	6811102	0.000942
0.0146850	8502846	6808896	0.000944
0.0146750	8516083	6809778	0.000945
0.0146600	8511671	6808454	0.000947
0.0147175	8516083	6807131	0.000943
0.0146800	8516083	6807131	0.000947
0.0146950	8511671	6805366	0.000946
0.0146750	8502846	6804483	0.000943
0.0146750	8511671	6800071	0.000945
0.0146800	8516083	6797423	0.000946
0.0146925	8516083	6797864	0.000946
0.0147000	8516083	6797423	0.000946
0.0146750	8511671	6795217	0.000943
0.0147000	8498434	6793011	0.000946
0.0146725	8511671	6792569	0.000947
0.0146850	8507259	6790804	0.000944
0.0146600	8507259	6789039	0.000944
0.0146675	8507259	6785509	0.000947
0.0146925	8507259	6783303	0.000947
0.0146625	8516083	6783303	0.000945
0.0147325	8511671	6782421	0.000944
0.0146650	8507259	6781538	0.000944
0.0147125	8507259	6779773	0.000943
0.0146925	8502846	6778449	0.000942
0.0147275	8516083	6776243	0.000944
0.0146775	8511671	6775361	0.000944
0.0147225	8502846	6774919	0.000944
0.0146875	8516083	6774919	0.000945
0.0146675	8507259	6774478	0.000944
0.0146825	8511671	6772713	0.000944
0.0146625	8507259	6772272	0.000945
0.0146800	8498434	6770507	0.000944
0.0146800	8511671	6769624	0.000944
0.0146825	8516083	6770066	0.000944
0.0146600	8507259	6768742	0.000944
0.0146675	8511671	6768301	0.000943
0.0146600	8511671	6766536	0.000945
0.0146850	8507259	6763888	0.000944
0.0146825	8511671	6763888	0.000945
0.0147250	8516083	6763447	0.000943
0.0146750	8507259	6763447	0.000943
0.0146525	8489609	6763447	0.000945
0.0146800	8511671	6762123	0.000945
0.0146800	8502846	6759035	0.000943
0.0146900	8507259	6758152	0.000943
0.0147125	8511671	6755505	0.000944
0.0146800	8511671	6751975	0.000944
0.0146925	8502846	6749768	0.000946
0.0146925	8511671	6748445	0.000942
0.0146600	8502846	6746238	0.000943
0.0147325	8516083	6741826	0.000943
0.0146900	8511671	6740502	0.000943
0.0146975	8494021	6736090	0.000945
0.0147300	8507259	6735648	0.000941
0.0146775	8507259	6733442	0.000944
0.0147050	8498434	6733001	0.000944
0.0146625	8494021	6733442	0.000944
0.0147225	8507259	6733442	0.000944
0.0147125	8494021	6730795	0.000943
0.0146250	8507259	6729912	0.000944
0.0146975	8507259	6729030	0.000945
0.0146725	8502846	6726382	0.000946
0.0146700	8502846	6725941	0.000944
0.0146700	8494021	6725058	0.000946
0.0147300	8511671	6725941	0.000943
0.0146725	8489609	6725058	0.000943
0.0147175	8507259	6722852	0.000943
0.0146700	8502846	6721087	0.000944
0.0147075	8507259	6720646	0.000942
0.0146725	8489609	6719763	0.000945
0.0146450	8502846	6719763	0.000942
0.0147100	8498434	6718440	0.000942
0.0146675	8511671	6718881	0.000944
0.0146675	8502846	6717116	0.000944
0.0146975	8494021	6714027	0.000944
0.0147025	8498434	6710497	0.000944
0.0146675	8494021	6709174	0.000944
0.0146925	8494021	6710939	0.000940
0.0146725	8494021	6708291	0.000944
0.0147250	8498434	6707409	0.000945
0.0146775	8507259	6707409	0.000944
0.0146900	8502846	6706967	0.000943
0.0147050	8494021	6704320	0.000942
0.0146900	8494021	6702555	0.000943
0.0147425	8498434	6701231	0.000941
0.0147225	8498434	6699907	0.000943
0.0147100	8485196	6700349	0.000944
0.0146750	8489609	6696377	0.000943
0.0146525	8485196	6694612	0.000944
0.0146800	8507259	6692847	0.000942
0.0146650	8498434	6690200	0.000941
0.0147200	8494021	6688435	0.000943
0.0146875	8498434	6687994	0.000944
0.0146675	8489609	6687111	0.000941
0.0146875	8498434	6687111	0.000942
0.0146450	8502846	6687552	0.000944
0.0146975	8498434	6686670	0.000943
0.0146850	8489609	6685346	0.000943
0.0146750	8502846	6686229	0.000941
0.0146725	8498434	6685395	0.000942
0.0146750	8494021	6684353	0.000942
0.0146625	8480784	6684275	0.000944
0.0146650	8498434	6684905	0.000943
0.0146800	8494021	6684905	0.000942
0.0146950	8498434	6683802	0.000942
0.0146925	8502846	6683434	0.000945
0.0146900	8494021	6680492	0.000946
0.0147250	8494021	6684905	0.000942
333			333		333		333