0.0000000	957508	210034	0.000000
-0.0000025	939858	213564	0.000000
-0.0000400	935445	217976	-0.000001
0.0000025	935445	221506	0.000000
0.0000150	939858	225919	-0.000004
0.0000275	935445	228566	-0.000003
-0.0000200	922208	231655	-0.000002
-0.0000050	926620	238715	-0.000003
-0.0000600	917796	244893	-0.000005
0.0000000	913383	247540	-0.000005
0.0000350	917796	247099	-0.000006
0.0000175	917796	250629	-0.000007
-0.0000075	904558	252394	-0.000008
0.0000350	908971	255924	-0.000007
0.0001250	913383	259454	-0.000009
-0.0000025	895733	260777	-0.000009
0.0000875	904558	261660	-0.000010
0.0001300	891321	261219	-0.000013
0.0000850	886908	261660	-0.000013
0.0000600	886908	265190	-0.000010
0.0001000	891321	268279	-0.000013
0.0001000	895733	267837	-0.000013
0.0001500	860433	269602	-0.000015
0.0001375	873671	271809	-0.000015
0.0001425	878083	274897	-0.000015
0.0001100	869258	277545	-0.000017
0.0001675	873671	280192	-0.000015
0.0001675	869258	280634	-0.000018
0.0001925	878083	281516	-0.000017
0.0001450	851608	281957	-0.000018
0.0001800	860433	281957	-0.000017
0.0001750	860433	285929	-0.000020
0.0002125	851608	287694	-0.000019
0.0002150	864846	287694	-0.000020
0.0002025	860433	287694	-0.000022
0.0002650	851608	288135	-0.000023
0.0002675	847196	287694	-0.000022
0.0002575	851608	291665	-0.000023
0.0002600	851608	294312	-0.000018
0.0002625	847196	296077	-0.000022
0.0003075	847196	297401	-0.000025
0.0002500	838371	296960	-0.000026
0.0002875	833958	296519	-0.000023
0.0002475	842783	299166	-0.000026
0.0002775	838371	301372	-0.000024
0.0003150	851608	303137	-0.000025
0.0003575	833958	305344	-0.000027
0.0003100	838371	306667	-0.000026
0.0003300	829546	310197	-0.000027
0.0003175	829546	313727	-0.000028
0.0003525	825133	316816	-0.000027
0.0003575	825133	317257	-0.000025
0.0003675	825133	321670	-0.000028
0.0003675	820721	324317	-0.000026
0.0003550	825133	328288	-0.000029
0.0003625	820721	330053	-0.000026
0.0004000	820721	332260	-0.000029
0.0003750	829546	332701	-0.000030
0.0004050	820721	332260	-0.000030
0.0004400	816309	333583	-0.000029
0.0004025	816309	335790	-0.000030
0.0004625	820721	337113	-0.000031
0.0004475	811896	336231	-0.000028
0.0004250	811896	336231	-0.000031
0.0004575	807484	335348	-0.000030
0.0004775	811896	337113	-0.000033
0.0005375	816309	336231	-0.000031
0.0004850	820721	336672	-0.000033
0.0005050	811896	338878	-0.000032
0.0005150	811896	339761	-0.000032
0.0004825	820721	339320	-0.000033
0.0004975	803071	340202	-0.000031
0.0005375	807484	341526	-0.000032
0.0005400	803071	340643	-0.000032
0.0005500	807484	338878	-0.000031
0.0005400	803071	339761	-0.000031
0.0005350	789834	343732	-0.000034
0.0005350	803071	346380	-0.000034
0.0005850	803071	349027	-0.000033
0.0005975	807484	346821	-0.000031
0.0006225	811896	346380	-0.000034
0.0006000	803071	349468	-0.000032
0.0005950	803071	349910	-0.000033
0.0006025	807484	352116	-0.000033
0.0006075	811896	357411	-0.000034
0.0006325	803071	356087	-0.000032
0.0006150	807484	355205	-0.000031
0.0006600	803071	357411	-0.000032
0.0006475	811896	355646	-0.000035
0.0006300	803071	358735	-0.000032
0.0007050	811896	360941	-0.000032
0.0006425	789834	358293	-0.000033
0.0006925	803071	358735	-0.000033
0.0006600	807484	361382	-0.000031
0.0006675	807484	360058	-0.000032
0.0006750	798659	363147	-0.000032
0.0006875	811896	364471	-0.000033
0.0007000	803071	360941	-0.000033
0.0007225	794246	361382	-0.000032
0.0007475	798659	363588	-0.000033
0.0007500	807484	365353	-0.000034
0.0007475	798659	372413	-0.000034
0.0007625	807484	375061	-0.000032
0.0007875	798659	373296	-0.000033
0.0008250	816309	374178	-0.000033
0.0007825	798659	375061	-0.000032
0.0007925	816309	378149	-0.000032
0.0007650	803071	382562	-0.000033
0.0008300	816309	386092	-0.000032
0.0008550	811896	386092	-0.000033
0.0008550	816309	387416	-0.000030
0.0008500	811896	387416	-0.000032
0.0008400	816309	388739	-0.000031
0.0008450	811896	393152	-0.000032
0.0008675	811896	398006	-0.000031
0.0008975	807484	398447	-0.000032
0.0009125	816309	398447	-0.000031
0.0008850	816309	401094	-0.000032
0.0009000	807484	401536	-0.000032
0.0008975	807484	404624	-0.000033
0.0009200	807484	407272	-0.000030
0.0008950	807484	405507	-0.000031
0.0008975	811896	407272	-0.000029
0.0009100	820721	410802	-0.000029
0.0009050	811896	409919	-0.000031
0.0009375	811896	413008	-0.000030
0.0009925	825133	414773	-0.000030
0.0009425	811896	416979	-0.000030
0.0009800	816309	420509	-0.000030
0.0009875	825133	423157	-0.000030
0.0010250	820721	424480	-0.000029
0.0010150	825133	427128	-0.000030
0.0009775	825133	428010	-0.000028
0.0010100	820721	428893	-0.000028
0.0010125	829546	431099	-0.000032
0.0010500	825133	434188	-0.000029
0.0010275	825133	437277	-0.000028
0.0010975	825133	436835	-0.000028
0.0011175	829546	435953	-0.000027
0.0010650	816309	437277	-0.000027
0.0010375	829546	441689	-0.000027
0.0010600	829546	445660	-0.000028
0.0010400	816309	450073	-0.000024
0.0010725	825133	450073	-0.000027
0.0011475	842783	452720	-0.000025
0.0011225	829546	455809	-0.000025
0.0011450	842783	457574	-0.000027
0.0011075	833958	461545	-0.000027
0.0011775	833958	466399	-0.000026
0.0011450	833958	465958	-0.000023
0.0011950	847196	462869	-0.000022
0.0012175	847196	465075	-0.000026
0.0011325	838371	469488	-0.000024
0.0012075	838371	472135	-0.000025
0.0011875	851608	473459	-0.000023
0.0011950	847196	472576	-0.000024
0.0012125	833958	474341	-0.000021
0.0012175	838371	475224	-0.000021
0.0012275	847196	476548	-0.000021
0.0012050	847196	481843	-0.000023
0.0012900	856021	488903	-0.000021
0.0012025	847196	488903	-0.000023
0.0012525	842783	487579	-0.000018
0.0012800	860433	488903	-0.000021
0.0012575	860433	491109	-0.000019
0.0012375	860433	493315	-0.000020
0.0012500	851608	493315	-0.000018
0.0012775	860433	493315	-0.000021
0.0013175	856021	493756	-0.000017
0.0013425	869258	493315	-0.000020
0.0013250	856021	491550	-0.000018
0.0013500	864846	493315	-0.000021
0.0013525	856021	495080	-0.000017
0.0013125	864846	498610	-0.000017
0.0013575	864846	499934	-0.000014
0.0013675	869258	504788	-0.000015
0.0013725	864846	507435	-0.000018
0.0013350	869258	508759	-0.000017
0.0013875	869258	509200	-0.000015
0.0013875	864846	511848	-0.000016
0.0014025	869258	515819	-0.000017
0.0013725	886908	519790	-0.000017
0.0014075	869258	521114	-0.000016
0.0014525	878083	519349	-0.000015
0.0014200	882496	519790	-0.000013
0.0014600	878083	517142	-0.000012
0.0014700	882496	519790	-0.000016
0.0014625	882496	524202	-0.000014
0.0014550	878083	528174	-0.000014
0.0014750	882496	528615	-0.000014
0.0015250	878083	528615	-0.000013
0.0014600	882496	530821	-0.000011
0.0014925	878083	532586	-0.000011
0.0014675	886908	536557	-0.000015
0.0015100	886908	539646	-0.000015
0.0014950	886908	541852	-0.000012
0.0015250	891321	541411	-0.000008
0.0014975	895733	543176	-0.000010
0.0015100	904558	544500	-0.000009
0.0015050	891321	548471	-0.000012
0.0015475	900146	549795	-0.000012
0.0015875	904558	547589	-0.000011
0.0015600	886908	549354	-0.000009
0.0015625	891321	552001	-0.000009
0.0016000	904558	554649	-0.000008
0.0015975	895733	557296	-0.000009
0.0015350	895733	560385	-0.000009
0.0016225	904558	559944	-0.000009
0.0016075	904558	560385	-0.000005
0.0016375	917796	560385	-0.000007
0.0016400	913383	562591	-0.000009
0.0016375	904558	569651	-0.000007
0.0016525	913383	570975	-0.000004
0.0016250	922208	569210	-0.000006
0.0017000	913383	569210	-0.000003
0.0016775	913383	570533	-0.000005
0.0016675	913383	573181	-0.000003
0.0016725	917796	578035	-0.000004
0.0016925	891321	582447	-0.000003
0.0017475	931033	582006	-0.000005
0.0016900	926620	585095	-0.000004
0.0017125	926620	582447	-0.000002
0.0017450	926620	586860	-0.000005
0.0017575	917796	591713	-0.000003
0.0017550	922208	595685	-0.000003
0.0017350	926620	596126	-0.000002
0.0017925	931033	598332	0.000000
0.0017650	939858	600097	-0.000003
0.0018000	935445	601421	-0.000002
0.0017625	931033	608922	0.000000
0.0017875	935445	610246	0.000001
0.0017800	935445	612452	0.000000
0.0017975	926620	610687	0.000001
0.0018725	957508	612011	0.000004
0.0017875	935445	611570	0.000001
0.0018650	944270	614217	0.000001
0.0018375	948683	614658	0.000005
0.0018100	935445	616423	0.000003
0.0018675	948683	617306	0.000002
0.0018500	957508	617747	0.000004
0.0018775	961920	619953	0.000005
0.0018625	948683	621718	0.000006
0.0018675	957508	625689	0.000006
0.0019175	961920	627013	0.000006
0.0018950	961920	630102	0.000004
0.0019250	961920	631426	0.000005
0.0019375	957508	630102	0.000006
0.0019175	961920	625689	0.000007
0.0019400	961920	622601	0.000007
0.0019375	983983	613776	0.000006
0.0019800	970745	605833	0.000007
0.0019325	961920	602303	0.000007
0.0019500	953095	597008	0.000009
0.0019175	979570	588183	0.000008
0.0020250	961920	580241	0.000000
0.0019850	922208	576270	-0.000004
0.0019950	913383	574063	-0.000004
0.0019800	917796	576270	-0.000004
0.0020300	829546	574505	-0.000024
0.0020400	833958	575828	-0.000027
0.0020175	833958	578035	-0.000026
0.0020275	825133	581565	-0.000025
0.0020575	833958	583330	-0.000025
0.0020125	820721	591272	-0.000027
0.0020900	825133	595685	-0.000025
0.0020650	833958	595685	-0.000026
0.0021200	838371	597450	-0.000025
0.0021000	825133	598332	-0.000027
0.0020750	833958	602745	-0.000025
0.0021000	825133	608481	-0.000024
0.0021175	825133	612452	-0.000025
0.0021125	829546	610687	-0.000025
0.0021400	838371	611128	-0.000024
0.0021550	838371	611570	-0.000022
0.0021475	825133	615100	-0.000023
0.0021725	833958	620836	-0.000025
0.0021725	833958	624366	-0.000024
0.0021975	847196	625248	-0.000023
0.0021775	838371	626131	-0.000024
0.0022300	851608	630102	-0.000022
0.0022075	842783	634073	-0.000023
0.0021950	838371	641133	-0.000022
0.0022200	838371	643339	-0.000023
0.0022175	838371	645104	-0.000019
0.0022600	842783	645104	-0.000022
0.0022500	860433	648193	-0.000021
0.0022525	847196	651723	-0.000019
0.0022025	842783	656577	-0.000021
0.0022475	838371	659666	-0.000020
0.0022825	869258	657018	-0.000019
0.0022675	847196	655694	-0.000018
0.0022875	860433	654812	-0.000018
0.0022975	860433	658342	-0.000019
0.0023400	860433	662754	-0.000018
0.0023100	856021	665843	-0.000016
0.0023050	869258	663637	-0.000015
0.0023725	873671	664078	-0.000015
0.0023750	878083	664961	-0.000015
0.0023375	873671	667608	-0.000015
0.0023650	864846	671138	-0.000019
0.0023550	869258	674227	-0.000015
0.0023700	878083	678198	-0.000017
0.0024225	882496	681728	-0.000013
0.0023550	891321	683934	-0.000013
0.0024050	891321	686140	-0.000013
0.0023550	882496	686582	-0.000011
0.0024225	878083	687464	-0.000009
0.0023475	882496	690553	-0.000011
0.0024650	882496	692318	-0.000011
0.0023925	878083	696730	-0.000014
0.0024425	882496	700702	-0.000009
0.0024275	895733	700702	-0.000009
0.0024625	891321	700260	-0.000010
0.0024900	900146	702025	-0.000009
0.0024725	895733	705997	-0.000007
0.0024450	895733	713939	-0.000009
0.0024975	900146	720116	-0.000005
0.0024825	904558	718793	-0.000007
0.0025150	900146	720116	-0.000003
0.0025200	908971	720558	-0.000006
0.0025375	913383	722764	-0.000005
0.0024650	904558	726294	-0.000005
0.0025100	913383	731589	-0.000006
0.0025425	917796	729383	-0.000005
0.0025875	913383	729383	-0.000003
0.0025550	926620	732030	-0.000002
0.0026175	922208	731589	-0.000003
0.0025900	926620	737325	-0.000005
0.0025675	917796	743061	-0.000001
0.0025975	926620	744385	-0.000001
0.0026175	917796	746591	-0.000001
0.0026000	931033	750563	-0.000002
0.0026125	931033	751004	0.000002
0.0026600	944270	758946	-0.000002
0.0026375	931033	762918	0.000003
0.0026675	931033	762476	0.000002
0.0027000	948683	764683	0.000003
0.0026625	953095	768654	0.000003
0.0026500	944270	769095	0.000004
0.0026850	944270	774390	0.000004
0.0027050	948683	777037	0.000006
0.0027175	961920	776155	0.000003
0.0026700	957508	778361	0.000006
0.0026725	975158	781450	0.000007
0.0027000	957508	784980	0.000005
0.0026975	961920	788069	0.000006
0.0027000	944270	791599	0.000009
0.0027400	957508	791599	0.000008
0.0027550	979570	797335	0.000009
0.0027425	983983	801306	0.000009
0.0027800	966333	803954	0.000008
0.0027425	961920	807042	0.000011
0.0027850	970745	810572	0.000011
0.0027575	983983	813220	0.000014
0.0027875	988395	814102	0.000012
0.0027825	988395	822486	0.000011
0.0027950	975158	826457	0.000013
0.0027800	983983	828663	0.000014
0.0028225	988395	829105	0.000018
0.0028275	1001633	832635	0.000014
0.0028400	997220	837488	0.000014
0.0028375	1006045	844107	0.000018
0.0028850	997220	848961	0.000017
0.0028425	1001633	848078	0.000017
0.0028700	1001633	850726	0.000019
0.0028650	1014870	851608	0.000020
0.0028875	1006045	854256	0.000019
0.0028675	1014870	860433	0.000020
0.0028975	1019283	864405	0.000024
0.0029325	1019283	862198	0.000021
0.0029050	1014870	863081	0.000024
0.0029150	1036932	868817	0.000025
0.0029325	1028107	873671	0.000022
0.0029225	1036932	880731	0.000024
0.0029600	1036932	886026	0.000027
0.0029550	1036932	884702	0.000025
0.0029925	1036932	886467	0.000027
0.0029800	1045757	889556	0.000026
0.0029850	1045757	893968	0.000031
0.0030025	1045757	903676	0.000028
0.0030225	1045757	909412	0.000028
0.0030175	1054582	908088	0.000031
0.0030325	1045757	907206	0.000033
0.0030000	1058995	911177	0.000031
0.0030200	1054582	913824	0.000033
0.0029925	1045757	923090	0.000032
0.0030400	1054582	930150	0.000035
0.0030300	1063407	934122	0.000032
0.0030650	1063407	933680	0.000037
0.0031350	1081057	933239	0.000034
0.0030600	1076645	935887	0.000035
0.0030625	1067820	941182	0.000035
0.0030875	1072232	947800	0.000039
0.0030900	1089882	950448	0.000039
0.0031175	1085470	952213	0.000042
0.0031200	1089882	953095	0.000038
0.0031225	1094295	956184	0.000041
0.0031275	1089882	961038	0.000039
0.0031475	1089882	968539	0.000043
0.0031250	1107532	970745	0.000041
0.0031525	1103120	973393	0.000046
0.0031675	1103120	977364	0.000044
0.0031475	1116357	980011	0.000043
0.0031375	1116357	983541	0.000043
0.0031900	1107532	990601	0.000045
0.0031925	1120770	994131	0.000047
0.0032600	1125182	996779	0.000050
0.0032325	1134007	998985	0.000050
0.0032475	1134007	1002074	0.000050
0.0032300	1138419	1005604	0.000049
0.0031775	1120770	1010016	0.000054
0.0032475	1142832	1012664	0.000050
0.0032950	1138419	1015753	0.000053
0.0032350	1147244	1021930	0.000056
0.0032850	1160482	1021489	0.000052
0.0032550	1160482	1022371	0.000053
0.0033000	1142832	1023695	0.000058
0.0032250	1160482	1027225	0.000055
0.0033325	1169307	1028990	0.000056
0.0032625	1160482	1036491	0.000056
0.0033050	1147244	1040021	0.000057
0.0033550	1169307	1038697	0.000061
0.0033500	1173719	1040904	0.000059
0.0033450	1173719	1042227	0.000061
0.0033075	1178132	1046640	0.000061
0.0033300	1178132	1052817	0.000062
0.0033500	1169307	1057671	0.000063
0.0033550	1191369	1056347	0.000061
0.0033625	1195782	1057230	0.000066
0.0033675	1200194	1059436	0.000065
0.0034100	1195782	1062966	0.000067
0.0033900	1191369	1073115	0.000066
0.0033625	1195782	1080616	0.000069
0.0034300	1209019	1078851	0.000068
0.0034300	1204607	1080616	0.000071
0.0034275	1222257	1084146	0.000070
0.0034350	1213432	1088558	0.000072
0.0034300	1217844	1097383	0.000069
0.0034675	1217844	1104002	0.000073
0.0034500	1231081	1105326	0.000072
0.0034900	1226669	1104443	0.000077
0.0034750	1231081	1106208	0.000075
0.0035125	1235494	1106208	0.000077
0.0034925	1235494	1115033	0.000077
0.0035100	1239906	1119887	0.000079
0.0035000	1248731	1119005	0.000075
0.0035500	1248731	1117240	0.000082
0.0035625	1266381	1117240	0.000081
0.0035350	1261969	1119005	0.000081
0.0035125	1257556	1123858	0.000081
0.0035275	1248731	1129594	0.000083
0.0035550	1266381	1127830	0.000082
0.0035750	1275206	1127388	0.000087
0.0035775	1275206	1128271	0.000090
0.0035625	1279619	1131359	0.000085
0.0036025	1284031	1138419	0.000086
0.0036300	1279619	1144156	0.000089
0.0035850	1284031	1143714	0.000087
0.0036425	1279619	1142832	0.000092
0.0036350	1306094	1146362	0.000091
0.0036225	1306094	1149009	0.000092
0.0036425	1301681	1156069	0.000090
0.0036525	1297269	1160923	0.000094
0.0036500	1306094	1161364	0.000095
0.0036425	1301681	1163571	0.000097
0.0036725	1310506	1164453	0.000097
0.0036750	1314919	1170189	0.000094
0.0037100	1319331	1177249	0.000097
0.0037325	1314919	1185192	0.000097
0.0037100	1336981	1184309	0.000097
0.0037325	1328156	1185192	0.000100
0.0037175	1336981	1187839	0.000102
0.0037075	1336981	1191810	0.000098
0.0037350	1341393	1194017	0.000100
0.0037625	1336981	1195340	0.000103
0.0037150	1354631	1200194	0.000103
0.0038050	1332569	1201959	0.000105
0.0037300	1367868	1203283	0.000107
0.0037250	1350218	1205489	0.000108
0.0037425	1354631	1206813	0.000107
0.0038075	1350218	1210784	0.000107
0.0038550	1367868	1212549	0.000108
0.0037500	1376693	1218727	0.000108
0.0038375	1367868	1226228	0.000109
0.0037925	1354631	1234170	0.000112
0.0038025	1385518	1233729	0.000112
0.0038375	1372281	1233288	0.000116
0.0038375	1398756	1239465	0.000113
0.0038550	1389931	1243436	0.000112
0.0038525	1394343	1252703	0.000113
0.0038650	1389931	1255791	0.000116
0.0038575	1398756	1257998	0.000116
0.0038875	1394343	1258439	0.000118
0.0038675	1411993	1259763	0.000120
0.0038550	1398756	1261528	0.000118
0.0039025	1394343	1267705	0.000118
0.0039200	1407581	1273441	0.000121
0.0038975	1416406	1270794	0.000121
0.0039525	1411993	1270794	0.000124
0.0039350	1434056	1271676	0.000123
0.0039725	1425231	1276971	0.000124
0.0039650	1429643	1282707	0.000120
0.0039750	1425231	1285796	0.000128
0.0039750	1429643	1287120	0.000125
0.0039875	1447293	1288002	0.000130
0.0039925	1456118	1292856	0.000127
0.0040275	1451705	1294180	0.000127
0.0040000	1451705	1302564	0.000130
0.0040025	1438468	1307859	0.000130
0.0040325	1456118	1309182	0.000130
0.0040550	1456118	1309182	0.000133
0.0040300	1464943	1311830	0.000132
0.0040350	1460530	1314036	0.000134
0.0040125	1460530	1321537	0.000132
0.0040525	1464943	1326391	0.000138
0.0040525	1491418	1325950	0.000135
0.0040875	1473768	1328156	0.000138
0.0040925	1482593	1331686	0.000141
0.0041150	1491418	1335657	0.000138
0.0040500	1482593	1339187	0.000139
0.0040850	1487005	1344923	0.000140
0.0041475	1509068	1348895	0.000140
0.0041400	1487005	1352866	0.000143
0.0041350	1513480	1353748	0.000142
0.0041125	1504655	1357720	0.000144
0.0041500	1495830	1359485	0.000143
0.0041000	1509068	1363015	0.000146
0.0041625	1509068	1365221	0.000145
0.0041375	1517893	1368310	0.000144
0.0042000	1526718	1374928	0.000146
0.0041525	1513480	1379782	0.000149
0.0042100	1531130	1380223	0.000145
0.0042275	1526718	1382871	0.000151
0.0041875	1539955	1388166	0.000151
0.0041850	1535543	1389931	0.000150
0.0042075	1548780	1398756	0.000152
0.0042500	1526718	1407581	0.000154
0.0041975	1548780	1409787	0.000154
0.0042275	1535543	1413317	0.000154
0.0042700	1562017	1418171	0.000154
0.0042825	1557605	1419936	0.000155
0.0042450	1553192	1427878	0.000155
0.0043125	1557605	1432732	0.000156
0.0043025	1566430	1433614	0.000158
0.0043350	1570842	1437585	0.000160
0.0043100	1579667	1439792	0.000160
0.0042925	1575255	1441998	0.000158
0.0043200	1570842	1449499	0.000159
0.0043450	1579667	1454353	0.000163
0.0043225	1584080	1452588	0.000161
0.0043625	1592905	1455235	0.000164
0.0043475	1614967	1457442	0.000165
0.0043550	1597317	1462295	0.000165
0.0043750	1606142	1468914	0.000167
0.0043925	1601730	1476857	0.000170
0.0043800	1614967	1478622	0.000171
0.0043350	1614967	1481269	0.000171
0.0043925	1619380	1484358	0.000171
0.0043875	1614967	1487888	0.000171
0.0044250	1619380	1495830	0.000172
0.0044575	1619380	1502008	0.000173
0.0044175	1628205	1503331	0.000173
0.0044100	1628205	1503331	0.000178
0.0044525	1637030	1505979	0.000175
0.0044550	1637030	1507744	0.000176
0.0044475	1641442	1513921	0.000178
0.0045100	1637030	1520099	0.000178
0.0044400	1641442	1520099	0.000178
0.0045225	1641442	1520981	0.000180
0.0044825	1663504	1522746	0.000180
0.0045250	1667917	1525394	0.000180
0.0045450	1663504	1532013	0.000180
0.0045325	1663504	1539955	0.000184
0.0045150	1667917	1540396	0.000183
0.0045625	1667917	1542161	0.000185
0.0045175	1676742	1546132	0.000185
0.0045275	1676742	1548339	0.000185
0.0045450	1676742	1554075	0.000185
0.0045850	1681154	1559370	0.000189
0.0045300	1694392	1559370	0.000188
0.0046375	1685567	1559811	0.000193
0.0045875	1698804	1563341	0.000189
0.0046050	1703217	1565989	0.000192
0.0045875	1698804	1568636	0.000193
0.0046175	1698804	1570842	0.000193
0.0046175	1712042	1573490	0.000192
0.0046950	1707629	1575255	0.000198
0.0046350	1729692	1579667	0.000197
0.0046625	1716454	1581874	0.000196
0.0046550	1729692	1584521	0.000194
0.0046625	1707629	1588934	0.000199
0.0046625	1729692	1591140	0.000198
0.0046950	1729692	1593787	0.000198
0.0047150	1729692	1600406	0.000198
0.0047200	1725279	1606142	0.000201
0.0047125	1742929	1605260	0.000202
0.0047100	1734104	1606142	0.000203
0.0047125	1747341	1607907	0.000202
0.0047150	1747341	1611878	0.000202
0.0046975	1738517	1619821	0.000205
0.0047425	1756166	1625116	0.000207
0.0047425	1760579	1625998	0.000205
0.0047275	1742929	1627763	0.000210
0.0047800	1769404	1630852	0.000208
0.0047700	1773816	1632176	0.000207
0.0047750	1769404	1639236	0.000210
0.0047875	1760579	1643648	0.000211
0.0048175	1778229	1644531	0.000209
0.0048400	1764991	1645854	0.000212
0.0048325	1791466	1648061	0.000212
0.0048025	1787054	1649826	0.000213
0.0048225	1795879	1658209	0.000211
0.0048500	1782641	1662181	0.000219
0.0048500	1795879	1660416	0.000215
0.0048550	1795879	1662181	0.000218
0.0048875	1817941	1667034	0.000220
0.0048600	1804704	1671006	0.000218
0.0049075	1804704	1678066	0.000217
0.0048900	1800291	1681154	0.000221
0.0049000	1822354	1682478	0.000222
0.0049500	1817941	1680713	0.000223
0.0049125	1826766	1682919	0.000223
0.0049325	1831179	1687773	0.000224
0.0049050	1826766	1697039	0.000224
0.0049325	1826766	1701010	0.000228
0.0048875	1840004	1697922	0.000225
0.0049300	1835591	1698363	0.000229
0.0049575	1848828	1700569	0.000229
0.0049475	1848828	1704099	0.000229
0.0049500	1853241	1711159	0.000230
0.0049925	1848828	1719102	0.000232
0.0049850	1853241	1716013	0.000231
0.0050075	1857653	1713807	0.000233
0.0050200	1862066	1715572	0.000232
0.0050275	1870891	1718660	0.000233
0.0050325	1862066	1726603	0.000234
0.0050125	1866478	1731898	0.000235
0.0050125	1870891	1730574	0.000235
0.0050600	1884128	1733222	0.000238
0.0050925	1897366	1735869	0.000238
0.0051100	1884128	1741164	0.000238
0.0050075	1879716	1749106	0.000237
0.0051150	1879716	1756608	0.000240
0.0050625	1884128	1755284	0.000239
0.0051125	1897366	1757490	0.000244
0.0051125	1915016	1761020	0.000243
0.0051125	1910603	1764109	0.000242
0.0051500	1910603	1765874	0.000239
0.0051750	1910603	1768080	0.000246
0.0051075	1915016	1771169	0.000245
0.0051850	1915016	1769845	0.000250
0.0051475	1945903	1772051	0.000248
0.0051850	1919428	1773375	0.000249
0.0051325	1937078	1776464	0.000249
0.0052050	1928253	1780876	0.000252
0.0051900	1941491	1783524	0.000248
0.0052350	1941491	1787495	0.000251
0.0051825	1937078	1793673	0.000252
0.0052175	1937078	1794996	0.000252
0.0052325	1959140	1791025	0.000253
0.0052125	1941491	1792790	0.000257
0.0052375	1963553	1795437	0.000257
0.0052300	1954728	1796761	0.000255
0.0052325	1967965	1805145	0.000256
0.0051875	1954728	1808675	0.000259
0.0052325	1967965	1806469	0.000257
0.0052825	1963553	1804262	0.000263
0.0052925	1976790	1810440	0.000262
0.0052850	1972378	1816617	0.000259
0.0052850	1972378	1824119	0.000259
0.0053175	1972378	1828972	0.000265
0.0053225	1985615	1828972	0.000261
0.0053550	1976790	1831179	0.000265
0.0053400	1994440	1832944	0.000264
0.0053625	1990028	1835591	0.000265
0.0053550	1990028	1845299	0.000265
0.0053675	1998853	1852358	0.000265
0.0053525	1998853	1849711	0.000268
0.0053975	1998853	1849711	0.000269
0.0054000	2016503	1853241	0.000269
0.0053575	2007678	1857653	0.000267
0.0053825	2016503	1863390	0.000270
0.0053875	2007678	1867802	0.000272
0.0054100	2025328	1866478	0.000271
0.0054400	2016503	1868685	0.000273
0.0054350	2042978	1869126	0.000277
0.0054250	2034153	1869126	0.000274
0.0054500	2034153	1876186	0.000273
0.0054725	2029740	1881040	0.000277
0.0054300	2042978	1878392	0.000278
0.0054600	2038565	1877951	0.000279
0.0054950	2056215	1879716	0.000280
0.0054850	2047390	1880598	0.000277
0.0054625	2060627	1882363	0.000279
0.0055650	2047390	1880157	0.000280
0.0055500	2060627	1881481	0.000282
0.0055125	2069452	1885893	0.000284
0.0055350	2078277	1887217	0.000284
0.0055425	2078277	1889865	0.000284
0.0055425	2073865	1891630	0.000287
0.0055375	2060627	1894718	0.000288
0.0055625	2082690	1899572	0.000286
0.0055825	2091515	1907514	0.000287
0.0055450	2078277	1915898	0.000286
0.0055975	2078277	1922958	0.000289
0.0055875	2091515	1923841	0.000289
0.0056050	2082690	1925606	0.000291
0.0056100	2109165	1929136	0.000293
0.0056000	2104752	1934431	0.000291
0.0056100	2091515	1946344	0.000293
0.0056175	2104752	1952522	0.000292
0.0056300	2100340	1950757	0.000293
0.0055975	2109165	1949874	0.000298
0.0056575	2117990	1953404	0.000294
0.0056825	2131227	1958258	0.000298
0.0056825	2126815	1965759	0.000295
0.0056475	2113577	1970613	0.000298
0.0057050	2131227	1970172	0.000298
0.0057300	2135640	1968848	0.000303
0.0057225	2144465	1971054	0.000300
0.0057625	2144465	1974584	0.000302
0.0056925	2144465	1981644	0.000301
0.0057350	2140052	1986939	0.000302
0.0057500	2157702	1986498	0.000303
0.0057250	2153290	1986939	0.000306
0.0057800	2166527	1987822	0.000306
0.0057575	2166527	1991352	0.000309
0.0057975	2170939	1997529	0.000308
0.0057250	2157702	2003706	0.000309
0.0058250	2170939	2001059	0.000309
0.0057875	2170939	2000176	0.000313
0.0058225	2193002	2003265	0.000310
0.0057750	2184177	2003265	0.000312
0.0057675	2166527	2007678	0.000311
0.0058300	2175352	2010766	0.000314
0.0058725	2193002	2009443	0.000312
0.0058725	2184177	2008119	0.000318
0.0058475	2201827	2010325	0.000319
0.0058625	2206239	2011208	0.000315
0.0058575	2210652	2015620	0.000316
0.0058500	2197414	2018268	0.000320
0.0059025	2210652	2012973	0.000318
0.0058925	2210652	2013414	0.000321
0.0058900	2223889	2016503	0.000321
0.0059300	2228302	2017385	0.000321
0.0059225	2223889	2022239	0.000320
0.0059375	2219477	2026651	0.000322
0.0059625	2237127	2024886	0.000325
0.0059850	2232714	2025769	0.000327
0.0059375	2241539	2030181	0.000326
0.0059975	2245952	2035035	0.000326
0.0059475	2241539	2042536	0.000325
0.0059900	2250364	2047831	0.000327
0.0059875	2254777	2046508	0.000327
0.0060075	2250364	2049596	0.000334
0.0059825	2250364	2053126	0.000334
0.0059950	2263601	2056215	0.000331
0.0059750	2254777	2060186	0.000332
0.0060050	2263601	2062392	0.000333
0.0059975	2268014	2064157	0.000333
0.0060875	2272426	2064599	0.000334
0.0060525	2285664	2068129	0.000337
0.0060625	2285664	2070776	0.000337
0.0060875	2276839	2073424	0.000335
0.0060750	2272426	2075630	0.000339
0.0060800	2294489	2076512	0.000341
0.0060750	2294489	2078719	0.000338
0.0061100	2298901	2086220	0.000338
0.0061225	2276839	2090632	0.000343
0.0060950	2307726	2089309	0.000341
0.0061100	2290076	2091956	0.000344
0.0061225	2312139	2094162	0.000346
0.0061350	2316551	2096369	0.000343
0.0061225	2312139	2100781	0.000344
0.0061500	2307726	2104752	0.000346
0.0061800	2320964	2105193	0.000343
0.0061825	2316551	2103428	0.000347
0.0061925	2325376	2102546	0.000349
0.0061550	2325376	2106076	0.000350
0.0061600	2325376	2111812	0.000348
0.0061925	2325376	2115342	0.000351
0.0061875	2347439	2113136	0.000350
0.0062275	2329789	2114018	0.000352
0.0062250	2347439	2117107	0.000354
0.0062000	2343026	2121961	0.000354
0.0062200	2351851	2129462	0.000355
0.0062750	2338614	2137846	0.000355
0.0062375	2360676	2137846	0.000356
0.0062500	2347439	2138287	0.000358
0.0062675	2365088	2140935	0.000355
0.0063150	2373913	2145347	0.000356
0.0062825	2373913	2154172	0.000359
0.0063300	2365088	2160791	0.000359
0.0063175	2391563	2162997	0.000361
0.0063000	2378326	2162556	0.000363
0.0063625	2391563	2165203	0.000362
0.0063400	2387151	2168733	0.000361
0.0063050	2382738	2177558	0.000362
0.0063425	2378326	2182412	0.000366
0.0063300	2395976	2184618	0.000365
0.0064025	2400388	2185501	0.000365
0.0063800	2409213	2189913	0.000367
0.0063575	2391563	2193002	0.000367
0.0063750	2413626	2199621	0.000367
0.0064225	2409213	2205357	0.000369
0.0063950	2413626	2203592	0.000370
0.0064550	2409213	2203151	0.000371
0.0064475	2418038	2207563	0.000372
0.0064425	2435688	2211975	0.000369
0.0064500	2435688	2218153	0.000372
0.0064325	2426863	2220800	0.000376
0.0064625	2435688	2218153	0.000373
0.0064725	2431276	2219477	0.000377
0.0064375	2444513	2222565	0.000376
0.0065100	2448926	2226095	0.000377
0.0065050	2440101	2236685	0.000375
0.0064800	2440101	2243304	0.000379
0.0065050	2453338	2240657	0.000378
0.0065275	2453338	2239774	0.000382
0.0065000	2462163	2243745	0.000381
0.0065250	2457751	2248599	0.000382
0.0065250	2470988	2251247	0.000382
0.0065725	2462163	2253012	0.000383
0.0065475	2484225	2256541	0.000382
0.0065700	2475400	2259189	0.000386
0.0065700	2479813	2262278	0.000389
0.0065925	2488638	2264484	0.000388
0.0065625	2475400	2265808	0.000385
0.0065875	2488638	2269338	0.000389
0.0065700	2484225	2274191	0.000389
0.0066050	2488638	2279928	0.000387
0.0066000	2497463	2290076	0.000391
0.0066025	2488638	2294930	0.000394
0.0066375	2510700	2292283	0.000391
0.0066500	2501875	2291400	0.000393
0.0066325	2519525	2294048	0.000392
0.0066725	2506288	2297136	0.000394
0.0066475	2510700	2303755	0.000395
0.0067125	2523938	2308167	0.000397
0.0066475	2523938	2303314	0.000397
0.0067000	2523938	2300666	0.000398
0.0067275	2532763	2301990	0.000397
0.0067225	2528350	2306403	0.000399
0.0067175	2523938	2316551	0.000397
0.0067600	2537175	2324494	0.000400
0.0067600	2541588	2322287	0.000401
0.0067750	2541588	2323170	0.000404
0.0067000	2546000	2329789	0.000405
0.0067375	2554825	2336407	0.000402
0.0067500	2554825	2347880	0.000403
0.0067650	2546000	2355822	0.000408
0.0067875	2559238	2354940	0.000405
0.0068175	2563650	2354057	0.000409
0.0067675	2576887	2356264	0.000407
0.0067625	2568062	2358029	0.000409
0.0067975	2576887	2368618	0.000411
0.0068100	2568062	2375237	0.000410
0.0068025	2581300	2375678	0.000412
0.0068425	2576887	2377885	0.000413
0.0068550	2594537	2380532	0.000413
0.0068150	2590125	2381856	0.000412
0.0068600	2594537	2391563	0.000415
0.0068725	2585712	2399065	0.000416
0.0068625	2607775	2397300	0.000416
0.0068925	2594537	2398623	0.000419
0.0068750	2612187	2402153	0.000418
0.0069075	2612187	2406125	0.000417
0.0069125	2612187	2406566	0.000416
0.0069250	2607775	2407890	0.000421
0.0069200	2625425	2413184	0.000420
0.0069025	2607775	2418479	0.000424
0.0069600	2629837	2423774	0.000423
0.0069825	2634250	2426863	0.000421
0.0069225	2638662	2430393	0.000421
0.0069375	2621012	2435247	0.000425
0.0069575	2629837	2435247	0.000425
0.0069650	2647487	2437012	0.000425
0.0069350	2643075	2448926	0.000425
0.0069775	2638662	2455544	0.000427
0.0070025	2647487	2454221	0.000427
0.0069800	2651900	2457309	0.000431
0.0070125	2651900	2460398	0.000430
0.0070100	2656312	2467017	0.000429
0.0070625	2656312	2477607	0.000430
0.0070250	2665137	2485549	0.000434
0.0070450	2673962	2486873	0.000432
0.0070600	2665137	2492609	0.000436
0.0070600	2687199	2496139	0.000437
0.0070550	2673962	2500993	0.000436
0.0070375	2669549	2508053	0.000436
0.0070550	2682787	2513789	0.000439
0.0071225	2691612	2512024	0.000438
0.0071500	2687199	2513348	0.000438
0.0071000	2696024	2516878	0.000441
0.0071125	2700437	2519525	0.000439
0.0071425	2696024	2529674	0.000440
0.0071400	2700437	2535410	0.000441
0.0071525	2718087	2534528	0.000443
0.0071575	2696024	2538058	0.000442
0.0072025	2726912	2543794	0.000442
0.0071450	2713674	2548206	0.000445
0.0070975	2713674	2560120	0.000444
0.0071725	2713674	2566739	0.000445
0.0071575	2731324	2566297	0.000448
0.0072275	2726912	2570269	0.000449
0.0072325	2735737	2576005	0.000447
0.0071775	2731324	2580417	0.000449
0.0071850	2744562	2588360	0.000450
0.0072750	2740149	2592772	0.000452
0.0072825	2748974	2592331	0.000449
0.0072575	2744562	2596302	0.000454
0.0072350	2748974	2597626	0.000455
0.0072350	2757799	2602480	0.000454
0.0072125	2766624	2610422	0.000452
0.0072800	2748974	2617041	0.000456
0.0072975	2775449	2613511	0.000456
0.0072825	2748974	2613952	0.000457
0.0073100	2775449	2618365	0.000460
0.0072850	2771036	2622777	0.000459
0.0072775	2771036	2630720	0.000459
0.0073075	2775449	2635573	0.000459
0.0073175	2779861	2635573	0.000462
0.0073650	2788686	2636015	0.000463
0.0073725	2806336	2639103	0.000464
0.0073675	2797511	2639103	0.000461
0.0073875	2797511	2646163	0.000465
0.0073500	2793099	2651900	0.000466
0.0073650	2806336	2649252	0.000465
0.0073825	2793099	2649252	0.000468
0.0074350	2810749	2652341	0.000468
0.0073800	2815161	2653665	0.000467
0.0074000	2806336	2652782	0.000467
0.0074100	2801924	2654106	0.000469
0.0074200	2823986	2656753	0.000471
0.0074550	2810749	2659401	0.000475
0.0074850	2828399	2663372	0.000473
0.0074175	2841636	2665137	0.000473
0.0074050	2832811	2667784	0.000473
0.0074975	2828399	2669991	0.000475
0.0074900	2850461	2669991	0.000476
0.0075125	2841636	2671314	0.000475
0.0074800	2846049	2678374	0.000476
0.0074975	2841636	2683228	0.000478
0.0074800	2841636	2682346	0.000478
0.0075250	2841636	2684552	0.000480
0.0075475	2850461	2688523	0.000478
0.0075675	2859286	2692936	0.000480
0.0075650	2872523	2699996	0.000477
0.0075575	2850461	2707497	0.000485
0.0075625	2876936	2707497	0.000483
0.0075900	2859286	2709262	0.000488
0.0075475	2881348	2716763	0.000485
0.0075825	2872523	2720293	0.000483
0.0075775	2872523	2727794	0.000485
0.0076050	2872523	2733530	0.000488
0.0076050	2898998	2730883	0.000488
0.0076050	2890173	2730883	0.000491
0.0076600	2903411	2735737	0.000490
0.0075675	2903411	2735737	0.000493
0.0076675	2898998	2744120	0.000490
0.0076300	2898998	2748974	0.000493
0.0076750	2912236	2745885	0.000493
0.0076950	2907823	2747209	0.000493
0.0076900	2925473	2748974	0.000494
0.0076750	2921061	2750739	0.000497
0.0076825	2916648	2749415	0.000498
0.0076975	2912236	2746327	0.000498
0.0077000	2934298	2738384	0.000497
0.0077100	2925473	2734854	0.000500
0.0077350	2947536	2738825	0.000503
0.0077550	2951948	2743238	0.000499
0.0077225	2943123	2752504	0.000503
0.0077650	2934298	2758240	0.000503
0.0077875	2951948	2758682	0.000503
0.0077675	2938711	2760888	0.000505
0.0077600	2956361	2763977	0.000505
0.0077500	2965186	2767507	0.000507
0.0077950	2969598	2782950	0.000503
0.0078125	2965186	2795746	0.000507
0.0077875	2969598	2792658	0.000507
0.0078125	2982835	2793099	0.000513
0.0078225	2974011	2795746	0.000509
0.0078600	2974011	2797953	0.000509
0.0078200	2996073	2805895	0.000510
0.0078600	2978423	2809866	0.000515
0.0078250	2978423	2816926	0.000513
0.0078550	2978423	2825751	0.000516
0.0078450	3000485	2818691	0.000516
0.0078275	3000485	2808984	0.000514
0.0078800	3004898	2816926	0.000516
0.0078925	3000485	2822221	0.000517
0.0079100	3013723	2820015	0.000515
0.0079125	2996073	2820456	0.000518
0.0079100	3018135	2816044	0.000521
0.0079125	3022548	2812955	0.000522
0.0079125	3013723	2810749	0.000518
0.0079650	3013723	2807219	0.000523
0.0079650	3031373	2820897	0.000525
0.0080150	3022548	2833694	0.000526
0.0079550	3044610	2828399	0.000524
0.0079575	3044610	2822662	0.000525
0.0079750	3035785	2816926	0.000525
0.0079975	3031373	2813396	0.000527
0.0079825	3049023	2823986	0.000529
0.0080325	3044610	2833694	0.000527
0.0080125	3044610	2846490	0.000527
0.0080000	3053435	2857962	0.000529
0.0080050	3053435	2851785	0.000531
0.0080600	3062260	2853109	0.000532
0.0080525	3062260	2865464	0.000531
0.0080325	3062260	2877818	0.000533
0.0080100	3062260	2885320	0.000531
0.0080975	3075498	2892380	0.000533
0.0080625	3079910	2883113	0.000531
0.0080900	3071085	2876495	0.000538
0.0080475	3088735	2883555	0.000535
0.0081000	3097560	2887967	0.000536
0.0081175	3093147	2900763	0.000535
0.0081150	3071085	2908706	0.000540
0.0081125	3101972	2907382	0.000538
0.0081475	3088735	2909147	0.000542
0.0081350	3115210	2921061	0.000542
0.0081300	3097560	2932092	0.000541
0.0081475	3106385	2947977	0.000543
0.0081425	3106385	2960773	0.000545
0.0081625	3101972	2954596	0.000542
0.0081725	3119622	2955919	0.000548
0.0081750	3119622	2957684	0.000545
0.0082000	3128447	2959891	0.000548
0.0081900	3115210	2967392	0.000546
0.0082350	3119622	2973569	0.000547
0.0081825	3132860	2972687	0.000551
0.0082475	3137272	2971804	0.000553
0.0082850	3154922	2976658	0.000549
0.0082175	3137272	2983277	0.000552
0.0082575	3154922	2995190	0.000552
0.0082650	3150510	3003133	0.000555
0.0082975	3159335	3004015	0.000555
0.0082975	3146097	3007987	0.000558
0.0083350	3172572	3013282	0.000557
0.0082750	3168160	3015488	0.000557
0.0082825	3159335	3024313	0.000557
0.0083350	3163747	3032255	0.000558
0.0083375	3190222	3025637	0.000559
0.0083475	3181397	3024313	0.000560
0.0083625	3194634	3027843	0.000560
0.0083675	3199047	3029608	0.000563
0.0082750	3190222	3029608	0.000561
0.0083525	3194634	3030049	0.000565
0.0083925	3203459	3023430	0.000562
0.0083675	3194634	3019900	0.000568
0.0083850	3216697	3023872	0.000567
0.0083850	3216697	3026078	0.000568
0.0084150	3216697	3033138	0.000565
0.0084200	3207872	3038874	0.000571
0.0084400	3229934	3039315	0.000567
0.0084050	3221109	3043286	0.000570
0.0084175	3221109	3051670	0.000569
0.0084300	3203459	3059171	0.000573
0.0084875	3238759	3065349	0.000572
0.0084800	3225522	3073291	0.000574
0.0084725	3243172	3077262	0.000573
0.0084625	3238759	3082116	0.000575
0.0084425	3247584	3087411	0.000575
0.0085000	3238759	3086529	0.000577
0.0085250	3256409	3084764	0.000578
0.0084900	3243172	3081675	0.000580
0.0084700	3265234	3087411	0.000580
0.0085200	3260822	3090941	0.000578
0.0085150	3265234	3098442	0.000580
0.0085500	3256409	3104620	0.000585
0.0085325	3274059	3101090	0.000585
0.0085475	3265234	3099766	0.000587
0.0085675	3282884	3106826	0.000586
0.0085675	3287296	3114327	0.000586
0.0085725	3287296	3122270	0.000584
0.0085500	3282884	3129330	0.000589
0.0085625	3304946	3122711	0.000589
0.0085850	3282884	3120064	0.000592
0.0086000	3313771	3122711	0.000591
0.0086125	3300534	3123594	0.000593
0.0085850	3300534	3130212	0.000592
0.0086325	3304946	3134183	0.000594
0.0086125	3318184	3128006	0.000594
0.0086550	3304946	3125359	0.000597
0.0086625	3340246	3129330	0.000598
0.0086675	3322596	3132860	0.000596
0.0087125	3335834	3139920	0.000597
0.0086500	3327009	3143891	0.000601
0.0087100	3340246	3142567	0.000599
0.0087075	3327009	3142126	0.000603
0.0087075	3349071	3144332	0.000603
0.0086975	3344659	3148745	0.000602
0.0087100	3340246	3157570	0.000603
0.0087625	3344659	3163306	0.000603
0.0087225	3366721	3161100	0.000606
0.0087625	3353484	3159335	0.000605
0.0087550	3375546	3166395	0.000607
0.0087600	3379959	3170366	0.000609
0.0087550	3371134	3178308	0.000608
0.0088050	3371134	3186692	0.000610
0.0087375	3379959	3186692	0.000611
0.0088150	3379959	3187574	0.000614
0.0088175	3384371	3194193	0.000612
0.0087625	3393196	3199488	0.000614
0.0087900	3384371	3203018	0.000613
0.0088250	3388783	3207872	0.000617
0.0088250	3397608	3210078	0.000616
0.0088475	3402021	3214049	0.000618
0.0088725	3419671	3218462	0.000616
0.0088850	3415258	3219786	0.000617
0.0088425	3406433	3220668	0.000618
0.0088850	3410846	3221109	0.000622
0.0088550	3428496	3222433	0.000621
0.0088600	3428496	3222874	0.000620
0.0088600	3424083	3230376	0.000622
0.0089225	3415258	3237435	0.000623
0.0089125	3432908	3236112	0.000622
0.0089375	3428496	3238318	0.000624
0.0089500	3454971	3242730	0.000628
0.0089150	3450558	3247143	0.000625
0.0089375	3450558	3258615	0.000627
0.0089475	3446146	3266558	0.000629
0.0089600	3468208	3262145	0.000631
0.0089850	3463796	3266558	0.000632
0.0089725	3481446	3273177	0.000633
0.0089825	3477033	3277148	0.000632
0.0089975	3468208	3284649	0.000632
0.0090050	3468208	3289503	0.000636
0.0090100	3485858	3287296	0.000632
0.0090625	3481446	3289503	0.000638
0.0090600	3499095	3294356	0.000636
0.0090350	3490270	3300534	0.000639
0.0090800	3494683	3314654	0.000636
0.0091000	3490270	3321714	0.000641
0.0090875	3507920	3318625	0.000640
0.0090625	3499095	3318184	0.000644
0.0090875	3516745	3327009	0.000643
0.0090600	3512333	3334069	0.000642
0.0090900	3521158	3343335	0.000644
0.0090550	3503508	3349071	0.000646
0.0090775	3529983	3345982	0.000647
0.0091175	3512333	3346865	0.000649
0.0091900	3547633	3351719	0.000646
0.0091500	3543220	3354807	0.000646
0.0091300	3534395	3366721	0.000648
0.0091200	3521158	3375987	0.000652
0.0091375	3534395	3372899	0.000651
0.0091900	3547633	3374222	0.000654
0.0092125	3560870	3378635	0.000654
0.0091500	3547633	3384812	0.000654
0.0091775	3556458	3396285	0.000655
0.0091975	3560870	3404668	0.000652
0.0092400	3565283	3401138	0.000655
0.0092350	3574108	3403345	0.000660
0.0092075	3569695	3407316	0.000658
0.0092200	3582933	3413935	0.000659
0.0092075	3565283	3423201	0.000657
0.0092675	3582933	3431585	0.000663
0.0092575	3591757	3431143	0.000664
0.0092450	3574108	3431585	0.000664
0.0092550	3596170	3437762	0.000664
0.0092900	3596170	3443057	0.000666
0.0092600	3600582	3453647	0.000665
0.0093175	3591757	3463796	0.000667
0.0093200	3609407	3462472	0.000665
0.0093450	3609407	3461148	0.000670
0.0093475	3618232	3468208	0.000670
0.0092525	3627057	3470856	0.000669
0.0093300	3618232	3477474	0.000672
0.0093275	3618232	3483652	0.000672
0.0093600	3627057	3484976	0.000671
0.0093750	3618232	3484976	0.000674
0.0093750	3644707	3492477	0.000676
0.0093650	3640295	3496889	0.000674
0.0093975	3640295	3502625	0.000675
0.0094225	3640295	3507038	0.000678
0.0093650	3649120	3507479	0.000680
0.0094300	3662357	3509685	0.000677
0.0093600	3653532	3516745	0.000677
0.0094175	3662357	3521158	0.000683
0.0094100	3653532	3519393	0.000679
0.0094250	3657945	3520717	0.000685
0.0094925	3680007	3520275	0.000683
0.0094500	3675595	3518510	0.000684
0.0094550	3671182	3524688	0.000681
0.0094550	3671182	3529100	0.000688
0.0094625	3688832	3527335	0.000685
0.0094775	3688832	3529983	0.000688
0.0095000	3715307	3533954	0.000689
0.0094975	3693244	3540131	0.000688
0.0095275	3688832	3551604	0.000690
0.0095725	3684420	3561753	0.000690
0.0095050	3710894	3563518	0.000691
0.0095800	3719719	3568813	0.000694
0.0095550	3715307	3574990	0.000694
0.0095475	3724132	3581168	0.000695
0.0095700	3724132	3595287	0.000695
0.0095475	3706482	3602789	0.000698
0.0095975	3732957	3602789	0.000697
0.0095825	3724132	3604112	0.000699
0.0095700	3741782	3610290	0.000701
0.0096000	3737369	3613379	0.000701
0.0095600	3732957	3624410	0.000700
0.0096300	3746194	3631470	0.000702
0.0096225	3750607	3630146	0.000701
0.0096500	3750607	3633676	0.000705
0.0096400	3750607	3638530	0.000705
0.0096475	3759432	3642501	0.000706
0.0096150	3759432	3653532	0.000703
0.0096850	3763844	3660151	0.000708
0.0096775	3772669	3657503	0.000709
0.0097000	3768257	3659710	0.000710
0.0097225	3794732	3662357	0.000712
0.0097300	3790319	3665887	0.000712
0.0096725	3781494	3676477	0.000712
0.0097425	3785907	3683537	0.000712
0.0097125	3794732	3680890	0.000715
0.0097475	3799144	3683537	0.000715
0.0097375	3812381	3687067	0.000714
0.0097850	3816794	3693244	0.000716
0.0097400	3807969	3698981	0.000716
0.0097750	3803556	3704276	0.000717
0.0097575	3807969	3707806	0.000718
0.0097975	3816794	3714866	0.000723
0.0097850	3834444	3719719	0.000721
0.0097775	3821206	3725014	0.000722
0.0097700	3825619	3728986	0.000720
0.0098000	3821206	3733839	0.000726
0.0098300	3847681	3740017	0.000725
0.0097950	3838856	3742664	0.000726
0.0098175	3834444	3752372	0.000722
0.0098300	3843269	3760314	0.000729
0.0098625	3856506	3759873	0.000728
0.0098375	3856506	3760755	0.000732
0.0098700	3869744	3766933	0.000731
0.0098275	3856506	3771787	0.000730
0.0098475	3856506	3779288	0.000728
0.0099150	3865331	3784583	0.000732
0.0099025	3874156	3781053	0.000732
0.0099475	3874156	3781494	0.000736
0.0098850	3878569	3786789	0.000736
0.0099125	3878569	3789878	0.000735
0.0099350	3891806	3800909	0.000735
0.0099225	3891806	3809293	0.000739
0.0099475	3900631	3806645	0.000740
0.0099600	3891806	3806204	0.000743
0.0099850	3913868	3813705	0.000742
0.0099925	3918281	3820765	0.000741
0.0099825	3909456	3829149	0.000744
0.0099600	3913868	3837091	0.000743
0.0100150	3922693	3832679	0.000742
0.0100075	3922693	3832679	0.000748
0.0100475	3940343	3836650	0.000745
0.0100400	3931518	3838415	0.000747
0.0100125	3927106	3845475	0.000746
0.0100250	3927106	3852976	0.000749
0.0100550	3944756	3847240	0.000749
0.0100750	3953581	3847240	0.000753
0.0100450	3962406	3854741	0.000755
0.0101150	3966818	3858712	0.000753
0.0100650	3966818	3868420	0.000753
0.0101025	3975643	3876362	0.000756
0.0101000	3971231	3873715	0.000757
0.0100950	3971231	3875480	0.000759
0.0101550	3984468	3881216	0.000758
0.0101500	3988881	3885629	0.000758
0.0101375	3975643	3898425	0.000760
0.0101525	3980056	3905926	0.000763
0.0101550	3988881	3902396	0.000762
0.0101925	3988881	3905043	0.000764
0.0101600	4010943	3911662	0.000767
0.0101600	4002118	3915633	0.000766
0.0101525	3997706	3926223	0.000763
0.0101875	3997706	3933283	0.000769
0.0101350	4002118	3930195	0.000766
0.0102200	4006530	3931518	0.000770
0.0102400	4041830	3935931	0.000771
0.0102050	4024180	3936813	0.000773
0.0102675	4033005	3939902	0.000769
0.0102450	4028593	3942108	0.000773
0.0102250	4037418	3945197	0.000773
0.0102475	4041830	3947403	0.000778
0.0102675	4055068	3947403	0.000774
0.0102925	4055068	3948727	0.000777
0.0102850	4046243	3950933	0.000774
0.0102775	4050655	3952257	0.000778
0.0103125	4059480	3953139	0.000780
0.0102775	4055068	3957552	0.000778
0.0102825	4055068	3967259	0.000781
0.0102975	4063893	3974319	0.000781
0.0103075	4068305	3969024	0.000783
0.0103200	4068305	3969907	0.000783
0.0103150	4090368	3976967	0.000785
0.0103250	4081543	3981379	0.000785
0.0103575	4081543	3989322	0.000784
0.0104125	4077130	3993734	0.000787
0.0103125	4099193	3991528	0.000789
0.0103900	4094780	3989763	0.000793
0.0104375	4116842	3995499	0.000792
0.0103850	4112430	3998588	0.000789
0.0103600	4108017	4009178	0.000791
0.0103975	4108017	4014473	0.000793
0.0104125	4134492	4010060	0.000793
0.0104475	4108017	4009178	0.000798
0.0104800	4138905	4019327	0.000795
0.0104250	4130080	4025945	0.000794
0.0104450	4130080	4035212	0.000798
0.0104625	4143317	4043154	0.000799
0.0104925	4143317	4036535	0.000796
0.0104825	4143317	4036535	0.000800
0.0104925	4160967	4041389	0.000803
0.0105075	4160967	4043154	0.000800
0.0104625	4152142	4056391	0.000799
0.0104925	4152142	4066981	0.000806
0.0104900	4174205	4062128	0.000804
0.0104750	4160967	4063010	0.000807
0.0105625	4178617	4068305	0.000805
0.0105250	4178617	4072718	0.000808
0.0105400	4178617	4082866	0.000806
0.0105500	4187442	4090809	0.000810
0.0105625	4187442	4088161	0.000808
0.0105975	4196267	4091250	0.000812
0.0106000	4200680	4090368	0.000811
0.0105900	4205092	4090809	0.000812
0.0106025	4205092	4097869	0.000812
0.0106050	4191855	4100958	0.000813
0.0106225	4209504	4097428	0.000814
0.0106650	4209504	4099193	0.000819
0.0106400	4222742	4103164	0.000817
0.0106125	4213917	4106252	0.000818
0.0106650	4218329	4113312	0.000819
0.0106800	4227154	4119049	0.000822
0.0106925	4231567	4114636	0.000820
0.0107050	4235979	4112871	0.000824
0.0106925	4231567	4117725	0.000823
0.0106725	4227154	4123020	0.000823
0.0106600	4240392	4132286	0.000824
0.0107550	4244804	4137581	0.000827
0.0107200	4253629	4135375	0.000825
0.0107500	4253629	4135375	0.000831
0.0107125	4258042	4137581	0.000830
0.0107625	4262454	4139787	0.000828
0.0107475	4266867	4144641	0.000829
0.0107525	4258042	4149054	0.000831
0.0107675	4275692	4149054	0.000832
0.0107600	4280104	4150819	0.000833
0.0108000	4284517	4134492	0.000834
0.0108300	4271279	4120814	0.000833
0.0107725	4284517	4108459	0.000835
0.0108225	4280104	4096545	0.000836
0.0108350	4297754	4098751	0.000837
0.0108025	4293342	4100516	0.000837
0.0107775	4280104	4088603	0.000837
0.0108300	4280104	4077130	0.000839
0.0108400	4302167	4055068	0.000839
0.0108875	4302167	4037418	0.000842
0.0108575	4306579	4054626	0.000846
0.0108675	4315404	4068746	0.000842
0.0109000	4310991	4091691	0.000841
0.0108825	4328641	4110665	0.000845
0.0109200	4324229	4108459	0.000843
0.0109125	4319816	4108459	0.000848
0.0109125	4341879	4115960	0.000848
0.0109250	4328641	4116842	0.000850
0.0109375	4337466	4141994	0.000848
0.0109250	4346291	4160967	0.000850
0.0109825	4355116	4156996	0.000850
0.0109725	4346291	4157437	0.000852
0.0109550	4350704	4160967	0.000850
0.0109375	4359529	4161850	0.000855
0.0109550	4350704	4171116	0.000852
0.0110375	4355116	4177735	0.000855
0.0110500	4372766	4189648	0.000854
0.0110100	4381591	4208181	0.000860
0.0109500	4372766	4213476	0.000858
0.0109975	4390416	4220094	0.000858
0.0110025	4386004	4232891	0.000857
0.0110675	4386004	4239509	0.000859
0.0110050	4377179	4234214	0.000859
0.0110250	4386004	4235097	0.000863
0.0110300	4399241	4238627	0.000863
0.0111100	4403654	4241274	0.000861
0.0110375	4412478	4250099	0.000865
0.0110625	4399241	4253188	0.000865
0.0111225	4412478	4249217	0.000864
0.0111175	4412478	4247011	0.000868
0.0110925	4416891	4250541	0.000867
0.0111250	4421303	4253629	0.000869
0.0110775	4403654	4262895	0.000868
0.0111375	4421303	4268190	0.000869
0.0111800	4421303	4261130	0.000867
0.0112050	4430128	4261572	0.000872
0.0111425	4434541	4263778	0.000875
0.0111375	4434541	4265984	0.000874
0.0111675	4438953	4267749	0.000874
0.0111775	4443366	4270838	0.000878
0.0111650	4443366	4275692	0.000875
0.0111800	4443366	4280987	0.000878
0.0112075	4456603	4283634	0.000879
0.0112075	4465428	4271720	0.000878
0.0112250	4465428	4264219	0.000879
0.0112475	4461016	4253188	0.000879
0.0112575	4478666	4251864	0.000882
0.0112250	4474253	4253188	0.000883
0.0112800	4474253	4262454	0.000879
0.0112350	4469841	4267749	0.000883
0.0112500	4474253	4260248	0.000884
0.0113150	4478666	4258042	0.000885
0.0112850	4483078	4264660	0.000887
0.0112875	4496316	4284075	0.000886
0.0113225	4500728	4284958	0.000888
0.0112925	4491903	4284958	0.000890
0.0113125	4509553	4267308	0.000891
0.0113500	4500728	4254071	0.000891
0.0113300	4509553	4253629	0.000891
0.0113400	4522790	4255836	0.000894
0.0113350	4513965	4271720	0.000893
0.0113375	4513965	4281869	0.000892
0.0113900	4527203	4278780	0.000892
0.0113725	4518378	4280104	0.000897
0.0114075	4540440	4309668	0.000898
0.0113800	4531615	4336584	0.000898
0.0113725	4527203	4371442	0.000897
0.0114425	4536028	4398800	0.000898
0.0114100	4540440	4403212	0.000900
0.0113975	4549265	4408949	0.000904
0.0114450	4562503	4411155	0.000900
0.0114425	4553678	4415567	0.000900
0.0114325	4544853	4423951	0.000901
0.0114625	4558090	4428363	0.000903
0.0114350	4562503	4422186	0.000902
0.0114575	4566915	4420421	0.000909
0.0115125	4580153	4418656	0.000908
0.0114950	4575740	4418656	0.000907
0.0115125	4571328	4427922	0.000907
0.0115000	4584565	4433658	0.000909
0.0115075	4597803	4426598	0.000910
0.0115300	4584565	4423510	0.000913
0.0115100	4588978	4395270	0.000914
0.0115150	4597803	4372325	0.000912
0.0115350	4588978	4370560	0.000912
0.0115600	4597803	4367471	0.000915
0.0115850	4606628	4356440	0.000916
0.0115600	4602215	4349821	0.000917
0.0116200	4633102	4352469	0.000918
0.0115950	4624277	4356881	0.000918
0.0115975	4619865	4370560	0.000914
0.0116450	4611040	4377179	0.000921
0.0116350	4624277	4404977	0.000922
0.0116650	4619865	4432776	0.000924
0.0116800	4641927	4448661	0.000924
0.0115800	4646340	4462339	0.000922
0.0116025	4641927	4474694	0.000923
0.0116700	4637515	4487491	0.000923
0.0116575	4650752	4493227	0.000925
0.0116350	4646340	4494551	0.000929
0.0116800	4659577	4496316	0.000928
0.0116550	4650752	4500287	0.000929
0.0116725	4655165	4503376	0.000929
0.0117375	4655165	4506023	0.000930
0.0116775	4681640	4509112	0.000929
0.0117175	4668402	4511759	0.000931
0.0116725	4668402	4520584	0.000929
0.0117550	4659577	4525879	0.000934
0.0117250	4681640	4519702	0.000932
0.0117400	4672815	4519702	0.000935
0.0117500	4690465	4524555	0.000937
0.0117600	4686052	4527644	0.000937
0.0117450	4686052	4511318	0.000934
0.0117625	4694877	4493668	0.000937
0.0117550	4708115	4465869	0.000938
0.0118050	4703702	4441601	0.000940
0.0118375	4721352	4438512	0.000941
0.0117875	4708115	4436747	0.000941
0.0118100	4708115	4419980	0.000942
0.0118350	4712527	4399241	0.000944
0.0118325	4725764	4368354	0.000945
0.0118800	4721352	4340114	0.000949
0.0118500	4739002	4357323	0.000949
0.0118700	4739002	4373649	0.000948
0.0118500	4734589	4405860	0.000946
0.0118875	4734589	4434100	0.000948
0.0118825	4747827	4436747	0.000949
0.0119000	4734589	4440718	0.000956
0.0119600	4752239	4443807	0.000953
0.0119175	4752239	4449102	0.000950
0.0119300	4752239	4475577	0.000953
0.0119175	4752239	4501169	0.000953
0.0119475	4765477	4502052	0.000955
0.0119500	4756652	4505582	0.000956
0.0119300	4783127	4509994	0.000958
0.0119550	4778714	4516613	0.000956
0.0119425	4769889	4497639	0.000957
0.0120275	4783127	4476901	0.000959
0.0119925	4800777	4471164	0.000961
0.0120125	4783127	4469841	0.000963
0.0119725	4796364	4472047	0.000962
0.0120075	4800777	4475577	0.000963
0.0119725	4796364	4460575	0.000961
0.0120100	4791952	4444248	0.000965
0.0120175	4818427	4412037	0.000967
0.0120625	4796364	4379385	0.000972
0.0121175	4831664	4398359	0.000971
0.0120950	4831664	4419538	0.000968
0.0120675	4831664	4423951	0.000970
0.0120750	4827251	4424833	0.000971
0.0120550	4844901	4399241	0.000973
0.0121300	4836076	4377620	0.000977
0.0121225	4844901	4396152	0.000970
0.0121625	4849314	4416450	0.000974
0.0121100	4853726	4421303	0.000972
0.0121375	4836076	4427481	0.000977
0.0121475	4871376	4406742	0.000976
0.0122000	4849314	4386445	0.000979
0.0121475	4871376	4408066	0.000980
0.0121725	4884614	4430128	0.000981
0.0121575	4875789	4450426	0.000983
0.0121675	4866964	4470282	0.000981
0.0122300	4884614	4483519	0.000982
0.0122175	4862551	4495874	0.000985
0.0122150	4884614	4525438	0.000986
0.0121600	4880201	4555002	0.000985
0.0122250	4889026	4585448	0.000988
0.0122325	4897851	4614570	0.000988
0.0122125	4911089	4635750	0.000989
0.0122200	4906676	4653841	0.000988
0.0122350	4902264	4651635	0.000989
0.0122475	4897851	4646340	0.000990
0.0122475	4919914	4625160	0.000991
0.0122950	4911089	4605745	0.000995
0.0122450	4919914	4607951	0.000990
0.0123175	4941976	4608834	0.000991
0.0122650	4928738	4619424	0.000992
0.0122850	4919914	4624277	0.000995
0.0122850	4933151	4617217	0.000995
0.0123625	4928738	4610599	0.001000
0.0123475	4946388	4640162	0.001000
0.0123350	4937563	4667520	0.000996
0.0123250	4946388	4701937	0.000999
0.0123225	4933151	4728412	0.000999
0.0124000	4964038	4732824	0.001000
0.0123975	4955213	4738119	0.001003
0.0123625	4955213	4749592	0.001000
0.0124000	4964038	4760182	0.001002
0.0123550	4964038	4774302	0.001003
0.0123925	4955213	4787098	0.001006
0.0124425	4977276	4785333	0.001004
0.0124425	4964038	4787098	0.001008
0.0124000	4977276	4793717	0.001007
0.0124150	4986101	4800777	0.001006
0.0124250	4977276	4814455	0.001007
0.0124450	4981688	4822839	0.001009
0.0124675	4999338	4814455	0.001011
0.0124625	4986101	4812249	0.001011
0.0124650	4999338	4815779	0.001014
0.0124725	5003751	4817103	0.001014
0.0124975	5008163	4826810	0.001012
0.0124400	4994926	4833429	0.001017
0.0124800	4999338	4828134	0.001015
0.0124975	5008163	4828134	0.001016
0.0125075	5021401	4830340	0.001016
0.0124925	5012576	4835194	0.001018
0.0125100	5012576	4846225	0.001020
0.0125625	5025813	4854609	0.001020
0.0125950	5025813	4849755	0.001020
0.0126050	5030225	4851961	0.001022
0.0126025	5056700	4855491	0.001024
0.0125600	5047875	4860345	0.001023
0.0125850	5047875	4863875	0.001025
0.0125900	5043463	4869611	0.001026
0.0126075	5061113	4870935	0.001029
0.0126525	5056700	4872259	0.001028
0.0125975	5061113	4876230	0.001028
0.0126600	5069938	4879319	0.001028
0.0126150	5061113	4880642	0.001031
0.0126725	5061113	4884172	0.001032
0.0126475	5083175	4889467	0.001030
0.0126475	5078763	4890791	0.001034
0.0126125	5074350	4900057	0.001031
0.0126375	5065525	4903587	0.001033
0.0126600	5087588	4898734	0.001034
0.0127125	5092000	4896527	0.001038
0.0126975	5096413	4901381	0.001035
0.0126925	5092000	4903587	0.001037
0.0126750	5096413	4912854	0.001037
0.0127250	5105238	4915060	0.001038
0.0127050	5109650	4905794	0.001042
0.0127350	5105238	4906235	0.001042
0.0127250	5118475	4906676	0.001040
0.0127175	5118475	4907559	0.001041
0.0127800	5122888	4915942	0.001040
0.0128225	5118475	4923002	0.001045
0.0127975	5131712	4913736	0.001043
0.0127650	5118475	4911971	0.001048
0.0128350	5149362	4916384	0.001045
0.0128150	5144950	4920355	0.001047
0.0127625	5136125	4931827	0.001047
0.0128175	5136125	4937122	0.001051
0.0127725	5158187	4934916	0.001052
0.0128475	5140537	4937563	0.001054
0.0128850	5162600	4916825	0.001053
0.0128500	5158187	4896086	0.001052
0.0128225	5162600	4900499	0.001055
0.0128725	5158187	4899175	0.001056
0.0128800	5180250	4888585	0.001057
0.0128825	5184662	4883290	0.001060
0.0128725	5184662	4885937	0.001055
0.0129175	5184662	4889909	0.001058
0.0128650	5184662	4903587	0.001056
0.0129275	5175837	4910206	0.001063
0.0129500	5197900	4933592	0.001060
0.0129250	5189075	4960067	0.001062
0.0129500	5197900	4974628	0.001063
0.0129300	5197900	4990954	0.001063
0.0129475	5202312	5012576	0.001064
0.0130000	5206725	5025372	0.001063
0.0129475	5215550	5025372	0.001065
0.0130000	5211137	5028019	0.001071
0.0129875	5219962	5031108	0.001069
0.0130025	5228787	5033755	0.001071
0.0129700	5215550	5046110	0.001068
0.0130225	5228787	5053170	0.001071
0.0130250	5233199	5047875	0.001069
0.0130425	5237612	5044345	0.001072
0.0130475	5246437	5045669	0.001072
0.0130175	5242024	5049640	0.001073
0.0130700	5246437	5051405	0.001073
0.0130750	5237612	5053612	0.001072
0.0130525	5259674	5058024	0.001075
0.0130625	5246437	5061554	0.001077
0.0131125	5268499	5061113	0.001078
0.0130900	5264087	5062437	0.001079
0.0130850	5264087	5063319	0.001078
0.0130925	5255262	5065084	0.001081
0.0130900	5272912	5058907	0.001082
0.0131200	5277324	5056700	0.001080
0.0131075	5277324	5064643	0.001080
0.0131525	5286149	5066849	0.001085
0.0131750	5294974	5057142	0.001084
0.0131400	5281737	5059348	0.001088
0.0131825	5290562	5061554	0.001086
0.0131250	5308212	5065525	0.001087
0.0131800	5308212	5068173	0.001086
0.0132050	5290562	5068614	0.001088
0.0131725	5317037	5064643	0.001089
0.0132225	5303799	5063319	0.001092
0.0132125	5317037	5069055	0.001093
0.0132000	5312624	5076115	0.001092
0.0132100	5317037	5090676	0.001092
0.0132725	5317037	5096413	0.001094
0.0132450	5334686	5095971	0.001094
0.0133100	5325862	5096854	0.001098
0.0132625	5339099	5110533	0.001097
0.0132750	5330274	5121123	0.001097
0.0132975	5339099	5142302	0.001098
0.0132775	5343511	5157746	0.001100
0.0132875	5347924	5152892	0.001097
0.0133300	5352336	5150686	0.001104
0.0133475	5361161	5150245	0.001102
0.0133025	5347924	5150245	0.001099
0.0132800	5356749	5158629	0.001105
0.0133275	5352336	5160394	0.001107
0.0133725	5369986	5147597	0.001106
0.0133600	5365574	5143626	0.001108
0.0133375	5378811	5141861	0.001107
0.0133600	5378811	5141861	0.001109
0.0133425	5365574	5152010	0.001105
0.0133650	5383224	5159070	0.001110
0.0134100	5396461	5156422	0.001108
0.0134625	5387636	5157746	0.001112
0.0134225	5409699	5155981	0.001112
0.0134175	5396461	5156864	0.001113
0.0134550	5400874	5172307	0.001112
0.0134500	5396461	5179367	0.001115
0.0134300	5422936	5174514	0.001115
0.0134575	5405286	5170984	0.001117
0.0134725	5418524	5174072	0.001118
0.0134600	5418524	5175396	0.001120
0.0134625	5427349	5186427	0.001120
0.0134725	5409699	5194370	0.001122
0.0135350	5436173	5195693	0.001120
0.0135425	5431761	5199665	0.001125
0.0134950	5449411	5202312	0.001123
0.0134900	5444998	5206283	0.001123
0.0135225	5444998	5208490	0.001122
0.0135475	5449411	5212902	0.001126
0.0135100	5458236	5212461	0.001126
0.0135850	5449411	5214226	0.001129
0.0135750	5471473	5206725	0.001127
0.0135600	5467061	5200547	0.001130
0.0135950	5462648	5195252	0.001128
0.0136350	5467061	5192605	0.001130
0.0135650	5475886	5200106	0.001132
0.0136325	5480298	5204960	0.001131
0.0135975	5480298	5216873	0.001131
0.0135750	5471473	5223492	0.001134
0.0136175	5493536	5221727	0.001132
0.0136500	5480298	5221286	0.001136
0.0136800	5515598	5234082	0.001136
0.0136350	5489123	5245113	0.001137
0.0136350	5497948	5260557	0.001137
0.0136225	5484711	5269823	0.001138
0.0136500	5515598	5259674	0.001137
0.0136825	5511186	5256586	0.001145
0.0136725	5524423	5252614	0.001141
0.0136750	5520011	5249084	0.001140
0.0136850	5520011	5260557	0.001144
0.0137400	5520011	5265852	0.001143
0.0136725	5524423	5259233	0.001143
0.0137300	5515598	5256586	0.001146
0.0136925	5542073	5263646	0.001146
0.0137375	5550898	5271147	0.001148
0.0137750	5537661	5276883	0.001145
0.0137275	5533248	5277324	0.001149
0.0137550	5550898	5272471	0.001150
0.0137775	5537661	5272912	0.001151
0.0137800	5559723	5275559	0.001152
0.0138425	5568548	5280854	0.001149
0.0137750	5564135	5283060	0.001153
0.0137650	5555310	5280854	0.001156
0.0137950	5564135	5264087	0.001153
0.0138125	5568548	5253497	0.001159
0.0138375	5586198	5265411	0.001157
0.0138475	5586198	5277766	0.001156
0.0138350	5586198	5272029	0.001156
0.0138925	5581785	5263646	0.001159
0.0138750	5590610	5237171	0.001159
0.0138750	5581785	5215550	0.001162
0.0138375	5608260	5219521	0.001161
0.0138850	5617085	5226581	0.001163
0.0138875	5608260	5238936	0.001163
0.0138675	5590610	5243789	0.001166
0.0139425	5617085	5230111	0.001163
0.0139125	5612673	5220845	0.001167
0.0139400	5630323	5248643	0.001167
0.0139300	5621498	5274677	0.001165
0.0139875	5625910	5310418	0.001165
0.0139625	5625910	5342188	0.001169
0.0139375	5630323	5350571	0.001169
0.0140225	5639148	5359396	0.001172
0.0140025	5643560	5373958	0.001172
0.0139750	5639148	5390284	0.001173
0.0139525	5643560	5404845	0.001171
0.0140000	5634735	5420289	0.001172
0.0140075	5652385	5392931	0.001175
0.0140275	5656797	5369104	0.001177
0.0140300	5665622	5357631	0.001177
0.0140625	5670035	5347483	0.001177
0.0140250	5665622	5337775	0.001178
0.0140725	5665622	5328068	0.001179
0.0140625	5670035	5317919	0.001180
0.0140550	5665622	5308653	0.001179
0.0140675	5665622	5315713	0.001179
0.0141250	5665622	5319684	0.001181
0.0141225	5683272	5347483	0.001182
0.0141100	5683272	5374399	0.001183
0.0141475	5683272	5395137	0.001182
0.0140850	5687685	5402197	0.001183
0.0140850	5687685	5424701	0.001183
0.0141250	5687685	5439703	0.001187
0.0141000	5700922	5445440	0.001186
0.0141250	5692097	5454706	0.001190
0.0141350	5709747	5460883	0.001189
0.0141525	5709747	5463090	0.001189
0.0141500	5705335	5475886	0.001189
0.0141500	5696510	5485152	0.001189
0.0141475	5714160	5478533	0.001192
0.0142125	5722985	5486035	0.001196
0.0142250	5736222	5475886	0.001195
0.0142025	5736222	5469267	0.001191
0.0141675	5727397	5479416	0.001193
0.0142100	5722985	5485593	0.001196
0.0142175	5736222	5477210	0.001196
0.0142550	5736222	5475003	0.001201
0.0142550	5753872	5473238	0.001201
0.0142475	5762697	5474562	0.001199
0.0142100	5745047	5484711	0.001200
0.0142775	5753872	5492212	0.001203
0.0142600	5762697	5501478	0.001203
0.0142875	5762697	5513392	0.001205
0.0142975	5771522	5523541	0.001206
0.0142825	5775934	5531483	0.001206
0.0143000	5789172	5542955	0.001206
0.0143225	5771522	5550898	0.001208
0.0143050	5789172	5547368	0.001208
0.0143500	5775934	5546485	0.001209
0.0143600	5793584	5553104	0.001211
0.0143625	5802409	5559282	0.001209
0.0143050	5784759	5572519	0.001209
0.0143725	5784759	5582227	0.001213
0.0143625	5806822	5576049	0.001213
0.0144150	5793584	5576932	0.001213
0.0144300	5815647	5587080	0.001214
0.0144100	5811234	5595464	0.001216
0.0144175	5815647	5609143	0.001215
0.0144350	5815647	5617526	0.001218
0.0144350	5824472	5608701	0.001217
0.0144325	5824472	5606936	0.001221
0.0144650	5833297	5607819	0.001220
0.0144600	5846534	5610025	0.001218
0.0144125	5837709	5613555	0.001220
0.0144650	5837709	5613996	0.001221
0.0144800	5864184	5613996	0.001222
0.0145350	5842122	5615761	0.001227
0.0144725	5864184	5612231	0.001226
0.0144975	5859771	5613555	0.001226
0.0144625	5864184	5614879	0.001225
0.0145025	5859771	5615320	0.001230
0.0145100	5868596	5607819	0.001231
0.0145050	5877421	5605171	0.001231
0.0145175	5864184	5601641	0.001228
0.0145350	5868596	5598111	0.001230
0.0145500	5877421	5584874	0.001232
0.0145100	5873009	5577373	0.001228
0.0145250	5877421	5571195	0.001231
0.0145150	5873009	5563694	0.001231
0.0145475	5877421	5558399	0.001234
0.0145700	5877421	5553987	0.001229
0.0145250	5877421	5548250	0.001233
0.0145500	5868596	5543397	0.001229
0.0145800	5881834	5537661	0.001229
0.0145425	5873009	5536337	0.001230
0.0145500	5873009	5534572	0.001232
0.0145450	5877421	5531042	0.001231
0.0145550	5881834	5528836	0.001229
0.0145375	5881834	5524864	0.001232
0.0145250	5868596	5521776	0.001228
0.0145600	5873009	5519569	0.001229
0.0145675	5868596	5518246	0.001229
0.0145250	5877421	5512951	0.001230
0.0145600	5873009	5508097	0.001230
0.0145525	5881834	5502802	0.001231
0.0145600	5864184	5497066	0.001231
0.0145600	5877421	5492653	0.001229
0.0145500	5873009	5488241	0.001230
0.0145400	5873009	5485152	0.001231
0.0145150	5877421	5482505	0.001229
0.0145300	5868596	5477210	0.001230
0.0145475	5868596	5473238	0.001228
0.0145800	5873009	5471915	0.001229
0.0145850	5873009	5473238	0.001228
0.0145425	5877421	5471473	0.001233
0.0145475	5877421	5469267	0.001230
0.0145625	5877421	5467943	0.001229
0.0145475	5877421	5465737	0.001233
0.0145475	5873009	5464413	0.001229
0.0145700	5877421	5462207	0.001227
0.0145375	5881834	5461766	0.001231
0.0145500	5873009	5458677	0.001231
0.0145375	5873009	5456030	0.001230
0.0145600	5868596	5451176	0.001229
0.0144975	5877421	5448970	0.001230
0.0145350	5864184	5448528	0.001229
0.0145575	5868596	5446763	0.001227
0.0145500	5873009	5444116	0.001230
0.0145350	5881834	5442792	0.001230
0.0145600	5877421	5439703	0.001227
0.0145175	5873009	5437497	0.001229
0.0145525	5877421	5436615	0.001228
0.0145750	5868596	5436173	0.001228
0.0145550	5873009	5435291	0.001230
0.0145475	5881834	5432644	0.001229
0.0145250	5868596	5427349	0.001228
0.0145300	5881834	5426025	0.001228
0.0145450	5868596	5422495	0.001230
0.0145475	5877421	5419406	0.001229
0.0145525	5868596	5417200	0.001226
0.0145850	5873009	5415876	0.001227
0.0145475	5877421	5411905	0.001230
0.0145300	5873009	5407934	0.001229
0.0145425	5868596	5404404	0.001231
0.0145550	5873009	5402639	0.001227
0.0145600	5873009	5403521	0.001227
0.0145275	5868596	5399550	0.001231
0.0145675	5873009	5399550	0.001229
0.0145300	5859771	5396020	0.001229
0.0145725	5864184	5394696	0.001230
0.0145125	5864184	5390284	0.001228
0.0145525	5859771	5388960	0.001230
0.0145875	5868596	5386754	0.001228
0.0145475	5873009	5384989	0.001229
0.0145875	5868596	5383224	0.001229
0.0145425	5873009	5380135	0.001226
0.0145725	5868596	5377488	0.001229
0.0145450	5868596	5374399	0.001229
0.0145550	5868596	5375281	0.001227
0.0145350	5868596	5372634	0.001228
0.0145050	5873009	5370428	0.001227
0.0145850	5873009	5369006	0.001228
0.0145450	5864184	5367780	0.001229
0.0145350	5855359	5367465	0.001230
0.0145175	5868596	5366309	0.001227
0.0145250	5881834	5364691	0.001229
0.0145500	5864184	5364471	0.001228
0.0145475	5868596	5365574	0.001227
0.0145500	5864184	5358955	0.001228
0.0145425	5873009	5356749	0.001227
333			333		333		333