0.0000000	992808	124432	0.000000
0.0000525	992808	135904	-0.000004
0.0000450	983983	157525	-0.000003
0.0000450	992808	173410	-0.000008
0.0000425	992808	186648	-0.000004
0.0000750	992808	197679	-0.000006
0.0000325	988395	214005	-0.000006
0.0000300	992808	228566	-0.000007
0.0001150	997220	246658	-0.000007
0.0000700	1001633	260777	-0.000011
0.0000775	992808	276662	-0.000011
0.0001125	983983	293430	-0.000012
0.0000950	992808	307991	-0.000013
0.0000975	992808	325200	-0.000016
0.0001125	992808	338878	-0.000016
0.0000975	992808	356087	-0.000018
0.0001400	997220	370648	-0.000017
0.0000975	992808	386974	-0.000018
0.0001525	992808	406831	-0.000016
0.0001500	988395	430217	-0.000020
0.0001700	992808	442572	-0.000020
0.0001325	983983	455809	-0.000022
0.0001675	988395	468164	-0.000022
0.0001600	988395	480078	-0.000021
0.0001400	988395	503023	-0.000021
0.0001850	997220	521996	-0.000023
0.0001500	988395	533027	-0.000023
0.0002375	992808	546265	-0.000024
0.0001575	997220	562150	-0.000023
0.0002000	983983	574946	-0.000027
0.0001825	983983	595243	-0.000025
0.0002175	992808	612893	-0.000023
0.0002125	988395	623042	-0.000026
0.0002425	997220	637162	-0.000022
0.0002675	992808	649076	-0.000025
0.0002450	988395	662313	-0.000026
0.0002750	1006045	681287	-0.000026
0.0002975	992808	700702	-0.000026
0.0002525	992808	706438	-0.000025
0.0002775	983983	717910	-0.000023
0.0002875	992808	730706	-0.000023
0.0002775	988395	745268	-0.000026
0.0002900	992808	767330	-0.000025
0.0002750	988395	784539	-0.000028
0.0003000	997220	792922	-0.000023
0.0003575	992808	804836	-0.000022
0.0003450	988395	818956	-0.000024
0.0003525	992808	826457	-0.000024
0.0003325	992808	848520	-0.000024
0.0002900	997220	863963	-0.000022
0.0003850	983983	871023	-0.000025
0.0003950	1001633	881613	-0.000021
0.0003525	992808	892203	-0.000021
0.0003750	988395	904999	-0.000022
0.0003325	983983	924414	-0.000021
0.0003925	988395	939858	-0.000022
0.0003300	992808	946477	-0.000019
0.0003800	988395	959273	-0.000017
0.0004225	992808	969422	-0.000019
0.0003675	992808	983100	-0.000015
0.0003925	983983	996779	-0.000019
0.0004700	1006045	1010458	-0.000014
0.0004400	997220	1023254	-0.000016
0.0004250	975158	1030755	-0.000014
0.0004325	992808	1041345	-0.000012
0.0004675	1001633	1048846	-0.000012
0.0004300	988395	1059877	-0.000013
0.0004925	992808	1068702	-0.000009
0.0004775	992808	1077527	-0.000010
0.0004725	988395	1084146	-0.000010
0.0004625	1010458	1096942	-0.000010
0.0004750	988395	1106650	-0.000008
0.0004950	992808	1108415	-0.000004
0.0005500	997220	1115475	-0.000003
0.0005350	992808	1118563	-0.000003
0.0004975	992808	1130036	-0.000001
0.0004775	992808	1139302	-0.000003
0.0004975	988395	1148127	-0.000002
0.0005375	992808	1150333	0.000001
0.0005350	983983	1154746	0.000007
0.0005450	992808	1161364	0.000004
0.0005775	997220	1168866	0.000005
0.0005825	992808	1182544	0.000004
0.0005850	1001633	1193134	0.000011
0.0005350	983983	1201077	0.000008
0.0006000	992808	1204607	0.000017
0.0005700	988395	1214314	0.000015
0.0005950	983983	1220492	0.000013
0.0005875	992808	1234170	0.000013
0.0006425	997220	1242995	0.000019
0.0006300	1001633	1246966	0.000017
0.0006125	997220	1251379	0.000021
0.0006550	1006045	1257998	0.000025
0.0006525	988395	1264175	0.000025
0.0006600	1006045	1275206	0.000022
0.0007200	997220	1285355	0.000029
0.0006625	997220	1288002	0.000029
0.0006775	1001633	1297269	0.000031
0.0006950	1001633	1302122	0.000034
0.0007075	1006045	1310506	0.000035
0.0006750	1001633	1320655	0.000033
0.0007250	1010458	1332569	0.000039
0.0007100	1001633	1333451	0.000039
0.0007500	1001633	1340511	0.000045
0.0007375	1014870	1345365	0.000043
0.0007200	1006045	1348453	0.000043
0.0007625	1001633	1357720	0.000043
0.0007625	1010458	1363015	0.000051
0.0007825	1019283	1362573	0.000050
0.0008150	1006045	1365662	0.000055
0.0007775	1006045	1368751	0.000054
0.0007900	1006045	1366986	0.000056
0.0007150	997220	1374928	0.000054
0.0008075	1006045	1378458	0.000061
0.0008350	992808	1376252	0.000061
0.0007975	1006045	1378900	0.000067
0.0008200	1010458	1381547	0.000067
0.0008125	1010458	1382871	0.000067
0.0008225	1010458	1389489	0.000068
0.0008625	997220	1395667	0.000073
0.0008675	1006045	1395226	0.000077
0.0008525	1014870	1399197	0.000080
0.0008550	1014870	1402286	0.000081
0.0008750	1010458	1405816	0.000083
0.0009000	1023695	1408463	0.000081
0.0009025	1014870	1412876	0.000088
0.0009350	1014870	1416847	0.000087
0.0009250	1014870	1422583	0.000095
0.0009150	1014870	1427878	0.000093
0.0009675	1028107	1425231	0.000094
0.0009200	1010458	1428319	0.000095
0.0009725	1014870	1429202	0.000098
0.0009400	1014870	1431408	0.000100
0.0009700	1032520	1433173	0.000100
0.0009400	1014870	1439350	0.000100
0.0010225	1010458	1441998	0.000107
0.0009750	1032520	1438909	0.000107
0.0010225	1019283	1435821	0.000115
0.0009750	1010458	1434497	0.000115
0.0009900	1028107	1438027	0.000113
0.0009700	1023695	1441557	0.000113
0.0010000	1014870	1444645	0.000122
0.0010600	1032520	1439350	0.000120
0.0010400	1028107	1438027	0.000127
0.0010625	1028107	1438027	0.000130
0.0010650	1028107	1439792	0.000129
0.0010625	1023695	1447293	0.000129
0.0010625	1023695	1452147	0.000133
0.0010875	1023695	1450823	0.000137
0.0011150	1014870	1453470	0.000142
0.0011450	1028107	1453912	0.000141
0.0011125	1036932	1453470	0.000144
0.0010825	1032520	1459648	0.000144
0.0011625	1028107	1461854	0.000149
0.0011150	1028107	1459207	0.000148
0.0011525	1032520	1456559	0.000158
0.0011775	1032520	1453029	0.000156
0.0011575	1028107	1453470	0.000155
0.0011625	1036932	1456118	0.000157
0.0011950	1028107	1453470	0.000162
0.0012025	1041345	1450382	0.000162
0.0011800	1032520	1450823	0.000169
0.0011925	1036932	1448617	0.000172
0.0012025	1036932	1447734	0.000171
0.0011825	1036932	1451705	0.000171
0.0012650	1041345	1452588	0.000177
0.0011950	1036932	1447734	0.000177
0.0012975	1054582	1446410	0.000184
0.0012500	1036932	1446852	0.000186
0.0012650	1041345	1449940	0.000186
0.0012625	1041345	1454794	0.000188
0.0012450	1036932	1458324	0.000191
0.0012600	1041345	1458765	0.000193
0.0013025	1036932	1458765	0.000200
0.0012875	1050170	1458324	0.000196
0.0013400	1041345	1457442	0.000198
0.0013275	1054582	1462295	0.000199
0.0013200	1045757	1460972	0.000206
0.0013125	1045757	1459648	0.000206
0.0013750	1050170	1456559	0.000213
0.0013350	1041345	1455677	0.000210
0.0013500	1045757	1453912	0.000211
0.0013650	1041345	1452147	0.000214
0.0013600	1050170	1453029	0.000221
0.0013525	1045757	1451264	0.000221
0.0014075	1054582	1451705	0.000225
0.0013875	1050170	1452147	0.000227
0.0014200	1058995	1454353	0.000225
0.0014400	1045757	1453029	0.000226
0.0014275	1063407	1453029	0.000233
0.0014475	1058995	1453470	0.000236
0.0014825	1058995	1454794	0.000235
0.0014775	1054582	1460089	0.000232
0.0014625	1050170	1460530	0.000243
0.0014350	1054582	1459207	0.000238
0.0014350	1050170	1459207	0.000247
0.0015250	1050170	1460089	0.000249
0.0014600	1054582	1460530	0.000247
0.0015125	1050170	1465825	0.000246
0.0014750	1063407	1469355	0.000253
0.0015325	1063407	1469355	0.000253
0.0015275	1063407	1466708	0.000260
0.0015125	1058995	1467590	0.000258
0.0015650	1063407	1470238	0.000261
0.0015425	1058995	1475092	0.000262
0.0015400	1063407	1478180	0.000268
0.0015350	1063407	1476415	0.000266
0.0015900	1058995	1479063	0.000273
0.0015500	1058995	1476415	0.000273
0.0015650	1054582	1477298	0.000273
0.0016150	1058995	1479504	0.000275
0.0015725	1067820	1485240	0.000281
0.0015675	1058995	1482593	0.000279
0.0016275	1067820	1484358	0.000288
0.0016100	1058995	1486123	0.000288
0.0016200	1072232	1485682	0.000288
0.0016750	1067820	1489211	0.000286
0.0016575	1072232	1485240	0.000294
0.0016475	1067820	1484358	0.000295
0.0016525	1063407	1483475	0.000304
0.0016600	1067820	1481710	0.000301
0.0016700	1076645	1476415	0.000301
0.0016475	1067820	1480387	0.000300
0.0016800	1063407	1477739	0.000307
0.0016950	1072232	1477298	0.000308
0.0017425	1067820	1477739	0.000313
0.0017400	1076645	1476415	0.000314
0.0017375	1072232	1478622	0.000317
0.0017575	1081057	1483475	0.000314
0.0017950	1072232	1486564	0.000322
0.0016925	1072232	1484799	0.000322
0.0017450	1081057	1488329	0.000327
0.0017825	1072232	1488329	0.000328
0.0017425	1072232	1490535	0.000330
0.0017700	1081057	1486564	0.000332
0.0018075	1076645	1488770	0.000336
0.0017900	1072232	1490535	0.000335
0.0018075	1067820	1492741	0.000338
0.0018150	1067820	1494506	0.000339
0.0018000	1081057	1494065	0.000339
0.0018600	1085470	1497154	0.000341
0.0018675	1076645	1499801	0.000349
0.0018825	1085470	1502449	0.000348
0.0018450	1076645	1503331	0.000349
0.0018725	1081057	1511274	0.000347
0.0018500	1081057	1513480	0.000358
0.0018650	1081057	1513921	0.000355
0.0018950	1076645	1514363	0.000362
0.0019125	1076645	1514804	0.000361
0.0019100	1085470	1515686	0.000359
0.0018700	1085470	1517893	0.000359
0.0019050	1081057	1519216	0.000367
0.0019225	1089882	1512598	0.000367
0.0019475	1081057	1511715	0.000373
0.0019450	1089882	1510833	0.000373
0.0019525	1076645	1510833	0.000374
0.0019400	1085470	1515686	0.000376
0.0019725	1098707	1520099	0.000381
0.0020175	1081057	1517451	0.000381
0.0020000	1089882	1518334	0.000386
0.0019950	1089882	1521864	0.000389
0.0019900	1098707	1520981	0.000386
0.0019950	1094295	1527159	0.000387
0.0020475	1098707	1529365	0.000395
0.0020250	1098707	1528924	0.000393
0.0020275	1098707	1528041	0.000399
0.0020700	1089882	1528041	0.000399
0.0020175	1085470	1524511	0.000402
0.0020575	1085470	1529365	0.000400
0.0020675	1085470	1531571	0.000405
0.0020775	1098707	1528924	0.000406
0.0021075	1089882	1528924	0.000410
0.0021225	1098707	1527159	0.000415
0.0021400	1094295	1529365	0.000413
0.0020875	1098707	1530689	0.000413
0.0021100	1094295	1532454	0.000419
0.0021350	1107532	1525394	0.000420
0.0021650	1098707	1525394	0.000426
0.0021250	1094295	1526276	0.000425
0.0021375	1107532	1528041	0.000426
0.0021750	1103120	1529365	0.000425
0.0021525	1098707	1531571	0.000432
0.0021775	1107532	1531571	0.000429
0.0021825	1107532	1529365	0.000439
0.0021975	1107532	1529365	0.000441
0.0021800	1094295	1527159	0.000438
0.0022075	1107532	1532454	0.000439
0.0022200	1103120	1533778	0.000444
0.0022125	1098707	1528924	0.000444
0.0022500	1098707	1525394	0.000448
0.0022450	1116357	1527159	0.000450
0.0022275	1107532	1527159	0.000451
0.0022575	1111945	1531130	0.000453
0.0022675	1107532	1534660	0.000459
0.0022900	1111945	1532895	0.000455
0.0022950	1103120	1535543	0.000464
0.0022800	1111945	1538190	0.000462
0.0022975	1098707	1540396	0.000464
0.0022775	1111945	1541279	0.000464
0.0023300	1107532	1543044	0.000471
0.0023375	1107532	1544367	0.000471
0.0023500	1107532	1546574	0.000476
0.0023250	1111945	1547897	0.000477
0.0023350	1098707	1548780	0.000475
0.0023900	1116357	1552310	0.000476
0.0023725	1116357	1554075	0.000483
0.0024050	1120770	1554957	0.000479
0.0023625	1111945	1557164	0.000483
0.0023900	1111945	1563341	0.000481
0.0023900	1107532	1565547	0.000488
0.0023750	1107532	1562459	0.000491
0.0024000	1111945	1562017	0.000493
0.0024225	1111945	1562017	0.000495
0.0024150	1129594	1562459	0.000496
0.0024575	1129594	1565547	0.000497
0.0024725	1120770	1566871	0.000501
0.0024150	1125182	1563341	0.000500
0.0024700	1111945	1562017	0.000508
0.0024825	1116357	1562017	0.000505
0.0024975	1120770	1564224	0.000506
0.0024575	1138419	1567312	0.000507
0.0024925	1120770	1565547	0.000516
0.0025050	1129594	1561135	0.000512
0.0025300	1125182	1558487	0.000520
0.0024975	1116357	1556722	0.000519
0.0025275	1129594	1558929	0.000520
0.0024625	1120770	1563341	0.000520
0.0025500	1125182	1562900	0.000525
0.0025375	1116357	1557164	0.000528
0.0025375	1116357	1554957	0.000533
0.0025750	1120770	1555399	0.000533
0.0025700	1129594	1556281	0.000533
0.0025700	1120770	1561135	0.000532
0.0025850	1120770	1562017	0.000541
0.0025975	1134007	1558487	0.000538
0.0026200	1134007	1553192	0.000545
0.0026325	1129594	1552310	0.000548
0.0026525	1134007	1552310	0.000545
0.0026000	1125182	1557605	0.000546
0.0026500	1142832	1556722	0.000551
0.0026700	1142832	1550986	0.000552
0.0026875	1142832	1549221	0.000558
0.0026600	1134007	1548339	0.000561
0.0027075	1134007	1548780	0.000560
0.0027050	1142832	1553192	0.000557
0.0027000	1138419	1555840	0.000565
0.0026775	1129594	1554957	0.000565
0.0026925	1134007	1556722	0.000571
0.0027550	1138419	1557164	0.000571
0.0027150	1129594	1557605	0.000571
0.0027450	1142832	1564665	0.000572
0.0027400	1134007	1566871	0.000575
0.0027250	1142832	1565106	0.000580
0.0027625	1134007	1563782	0.000585
0.0027750	1147244	1563341	0.000581
0.0027500	1134007	1562900	0.000583
0.0027675	1151657	1565547	0.000585
0.0027975	1142832	1566430	0.000593
0.0028350	1142832	1562459	0.000591
0.0028200	1142832	1562900	0.000598
0.0027750	1147244	1559811	0.000595
0.0028450	1151657	1558487	0.000596
0.0028625	1147244	1555399	0.000595
0.0028225	1142832	1555399	0.000602
0.0028350	1151657	1554957	0.000602
0.0028800	1151657	1552310	0.000609
0.0028750	1147244	1550545	0.000609
0.0028675	1142832	1548780	0.000612
0.0028800	1151657	1547015	0.000609
0.0028875	1147244	1544809	0.000615
0.0028925	1142832	1545250	0.000618
0.0029025	1138419	1545691	0.000617
0.0028950	1160482	1550545	0.000620
0.0028825	1142832	1553192	0.000623
0.0029300	1156069	1550545	0.000622
0.0029850	1151657	1551427	0.000629
0.0029550	1156069	1550104	0.000627
0.0029600	1156069	1547015	0.000628
0.0029275	1151657	1551427	0.000630
0.0029725	1156069	1551869	0.000635
0.0029750	1151657	1549662	0.000635
0.0029925	1156069	1550545	0.000643
0.0030000	1160482	1554075	0.000641
0.0029900	1160482	1552310	0.000641
0.0030050	1156069	1555840	0.000641
0.0030800	1156069	1555840	0.000646
0.0030575	1169307	1550986	0.000647
0.0030650	1169307	1552310	0.000651
0.0031025	1156069	1551427	0.000653
0.0030300	1156069	1550986	0.000653
0.0030350	1164894	1552751	0.000652
0.0030675	1156069	1551869	0.000660
0.0030525	1151657	1544367	0.000658
0.0031075	1164894	1544367	0.000665
0.0030975	1169307	1541720	0.000665
0.0030875	1164894	1543485	0.000666
0.0030900	1164894	1547015	0.000667
0.0030825	1169307	1548780	0.000670
0.0031275	1164894	1546574	0.000670
0.0031550	1164894	1545250	0.000678
0.0031325	1156069	1544809	0.000678
0.0031425	1160482	1543485	0.000679
0.0031525	1164894	1547456	0.000678
0.0031825	1169307	1546574	0.000685
0.0032125	1173719	1544809	0.000683
0.0032375	1169307	1542161	0.000689
0.0031925	1169307	1543044	0.000690
0.0032100	1173719	1541720	0.000689
0.0032200	1169307	1538190	0.000693
0.0032425	1169307	1538190	0.000698
0.0032300	1169307	1537308	0.000696
0.0032475	1160482	1535543	0.000700
0.0032200	1173719	1534660	0.000702
0.0032175	1164894	1534219	0.000701
0.0032725	1178132	1532895	0.000701
0.0032475	1156069	1533336	0.000707
0.0032550	1173719	1532013	0.000706
0.0032625	1173719	1532895	0.000706
0.0032500	1169307	1537749	0.000705
0.0033375	1186957	1539514	0.000711
0.0033100	1173719	1539072	0.000714
0.0033200	1173719	1539955	0.000715
0.0033325	1178132	1541720	0.000717
0.0033500	1173719	1541720	0.000717
0.0033250	1164894	1545691	0.000719
0.0033775	1182544	1545250	0.000722
0.0033075	1169307	1544367	0.000722
0.0034000	1186957	1542161	0.000729
0.0034200	1186957	1543485	0.000727
0.0033350	1182544	1544367	0.000727
0.0033625	1173719	1544809	0.000730
0.0033150	1178132	1545250	0.000735
0.0034025	1169307	1535984	0.000733
0.0034650	1186957	1533778	0.000738
0.0033900	1178132	1531130	0.000739
0.0034075	1178132	1531130	0.000740
0.0034150	1169307	1532895	0.000738
0.0034675	1178132	1533778	0.000746
0.0034475	1191369	1527600	0.000745
0.0035050	1191369	1526276	0.000750
0.0035125	1186957	1528041	0.000750
0.0034875	1173719	1527600	0.000751
0.0035100	1186957	1533336	0.000752
0.0035450	1191369	1532454	0.000757
0.0034975	1191369	1531130	0.000760
0.0035375	1195782	1531130	0.000762
0.0035225	1195782	1529806	0.000765
0.0035575	1182544	1526276	0.000763
0.0035450	1186957	1528924	0.000762
0.0035700	1182544	1527159	0.000768
0.0035725	1182544	1522305	0.000768
0.0036000	1186957	1522746	0.000774
0.0035875	1186957	1523188	0.000774
0.0035625	1178132	1524953	0.000775
0.0035800	1200194	1527600	0.000774
0.0035875	1182544	1528483	0.000782
0.0035900	1182544	1524070	0.000780
0.0036625	1195782	1524511	0.000785
0.0035975	1186957	1525394	0.000785
0.0036275	1182544	1526276	0.000784
0.0036225	1182544	1529806	0.000788
0.0036200	1182544	1532013	0.000792
0.0036750	1186957	1528924	0.000791
0.0037000	1195782	1531571	0.000797
0.0036525	1195782	1532454	0.000796
0.0036850	1191369	1531130	0.000798
0.0036650	1191369	1536866	0.000795
0.0037050	1200194	1536866	0.000801
0.0036700	1195782	1535101	0.000805
0.0037450	1200194	1534660	0.000804
0.0037200	1191369	1534660	0.000808
0.0037325	1195782	1532454	0.000807
0.0037375	1200194	1532454	0.000809
0.0037775	1200194	1529806	0.000813
0.0037075	1191369	1529806	0.000812
0.0037375	1195782	1531571	0.000819
0.0037850	1204607	1533336	0.000818
0.0037575	1195782	1537749	0.000821
0.0037775	1195782	1537749	0.000819
0.0038300	1195782	1538190	0.000826
0.0038075	1204607	1540396	0.000823
0.0038400	1200194	1541720	0.000822
0.0038350	1200194	1546132	0.000824
0.0038000	1209019	1549221	0.000830
0.0038200	1195782	1550986	0.000830
0.0038650	1204607	1552310	0.000835
0.0038525	1200194	1551427	0.000834
0.0038400	1209019	1550986	0.000835
0.0038875	1209019	1556281	0.000832
0.0038525	1209019	1559370	0.000841
0.0038775	1209019	1557164	0.000843
0.0039425	1200194	1557164	0.000844
0.0039100	1200194	1558487	0.000845
0.0039700	1213432	1556281	0.000844
0.0039150	1213432	1554957	0.000846
0.0039400	1213432	1554957	0.000853
0.0039475	1209019	1554075	0.000849
0.0039725	1209019	1554957	0.000857
0.0039550	1209019	1555399	0.000855
0.0039550	1209019	1553192	0.000856
0.0040025	1209019	1556281	0.000856
0.0039650	1222257	1557605	0.000863
0.0039950	1209019	1555399	0.000865
0.0040075	1213432	1555399	0.000870
0.0039875	1209019	1555399	0.000868
0.0039925	1204607	1554957	0.000870
0.0040025	1217844	1557164	0.000867
0.0040775	1213432	1558046	0.000874
0.0040425	1209019	1555840	0.000873
0.0040675	1217844	1559370	0.000879
0.0040700	1209019	1559811	0.000877
0.0040450	1222257	1561576	0.000878
0.0040775	1213432	1563782	0.000880
0.0041200	1217844	1565989	0.000884
0.0040725	1217844	1565989	0.000886
0.0041075	1217844	1565989	0.000887
0.0041075	1222257	1566430	0.000890
0.0041250	1226669	1564665	0.000889
0.0040900	1222257	1567312	0.000892
0.0041300	1226669	1567754	0.000896
0.0041075	1209019	1566430	0.000896
0.0041475	1217844	1566430	0.000902
0.0041900	1222257	1569077	0.000901
0.0041525	1226669	1571284	0.000903
0.0041400	1222257	1574372	0.000905
0.0042000	1222257	1577020	0.000907
0.0041725	1226669	1572166	0.000907
0.0042250	1226669	1572607	0.000910
0.0042025	1222257	1571284	0.000912
0.0042500	1231081	1567312	0.000913
0.0041900	1226669	1568195	0.000912
0.0042400	1222257	1568636	0.000921
0.0042125	1226669	1562017	0.000920
0.0042275	1222257	1560694	0.000926
0.0042475	1231081	1561135	0.000925
0.0042375	1231081	1558929	0.000926
0.0042475	1231081	1559370	0.000926
0.0042875	1231081	1558487	0.000932
0.0042900	1231081	1562459	0.000931
0.0043150	1235494	1565106	0.000936
0.0042875	1226669	1565989	0.000934
0.0043025	1231081	1564665	0.000937
0.0042950	1222257	1565106	0.000937
0.0043250	1226669	1564665	0.000942
0.0043525	1239906	1565989	0.000941
0.0043775	1235494	1568636	0.000943
0.0043675	1239906	1574814	0.000941
0.0043725	1235494	1577902	0.000945
0.0043475	1231081	1569960	0.000947
0.0044150	1231081	1569519	0.000952
0.0044350	1239906	1566871	0.000951
0.0043500	1226669	1566871	0.000952
0.0043725	1231081	1570842	0.000953
0.0044325	1239906	1573049	0.000957
0.0043825	1235494	1566430	0.000958
0.0044800	1235494	1566430	0.000963
0.0044325	1239906	1565989	0.000962
0.0044250	1231081	1566871	0.000964
0.0044175	1231081	1572166	0.000963
0.0045150	1235494	1574372	0.000969
0.0044850	1248731	1574372	0.000970
0.0045150	1244319	1573490	0.000975
0.0044850	1239906	1576137	0.000974
0.0045050	1235494	1572607	0.000973
0.0045000	1239906	1578344	0.000974
0.0045125	1239906	1576579	0.000979
0.0045150	1239906	1572607	0.000981
0.0045400	1244319	1572166	0.000985
0.0045775	1239906	1570842	0.000987
0.0045100	1244319	1568636	0.000986
0.0045500	1248731	1568636	0.000986
0.0045600	1235494	1570842	0.000990
0.0045775	1244319	1563341	0.000990
0.0045825	1248731	1562900	0.000997
0.0045975	1248731	1561576	0.000998
0.0045950	1244319	1562017	0.000996
0.0045875	1257556	1565106	0.000997
0.0046500	1248731	1565106	0.001002
0.0045950	1248731	1562459	0.001001
0.0046525	1253144	1562900	0.001007
0.0046425	1244319	1566871	0.001006
0.0046400	1248731	1571725	0.001008
0.0046825	1248731	1576137	0.001009
0.0046775	1248731	1580991	0.001013
0.0046950	1248731	1582315	0.001015
0.0047000	1248731	1581874	0.001020
0.0046625	1253144	1584962	0.001021
0.0047200	1253144	1586286	0.001017
0.0047000	1253144	1590698	0.001020
0.0047025	1239906	1592463	0.001025
0.0047150	1261969	1592905	0.001024
0.0047150	1248731	1591581	0.001027
0.0046975	1253144	1596435	0.001025
0.0047275	1261969	1597317	0.001030
0.0047725	1261969	1595111	0.001029
0.0047675	1244319	1596876	0.001036
0.0047500	1257556	1597317	0.001034
0.0047650	1261969	1598641	0.001034
0.0047600	1257556	1601730	0.001037
0.0048125	1253144	1604377	0.001040
0.0047325	1266381	1600847	0.001040
0.0048375	1257556	1598641	0.001046
0.0048425	1257556	1598200	0.001046
0.0047925	1270794	1600406	0.001045
0.0048125	1261969	1605260	0.001045
0.0048475	1266381	1607466	0.001054
0.0048250	1266381	1603936	0.001052
0.0048775	1270794	1604377	0.001057
0.0048750	1266381	1605260	0.001057
0.0048650	1261969	1605701	0.001056
0.0048875	1266381	1610996	0.001057
0.0049525	1270794	1611437	0.001061
0.0049400	1266381	1607025	0.001062
0.0048825	1253144	1603495	0.001069
0.0049325	1266381	1603495	0.001068
0.0048900	1248731	1602612	0.001067
0.0049225	1270794	1606142	0.001067
0.0049575	1257556	1605260	0.001075
0.0049200	1261969	1601730	0.001074
0.0049800	1270794	1599082	0.001078
0.0049500	1275206	1598200	0.001079
0.0049700	1266381	1598641	0.001078
0.0049525	1270794	1601730	0.001081
0.0050175	1275206	1604818	0.001086
0.0049775	1270794	1599965	0.001085
0.0050400	1270794	1599965	0.001090
0.0050250	1270794	1601288	0.001088
0.0049850	1275206	1602612	0.001091
0.0050375	1275206	1606583	0.001091
0.0050500	1275206	1609672	0.001096
0.0050200	1279619	1609231	0.001097
0.0050650	1261969	1610113	0.001100
0.0050600	1266381	1611437	0.001099
0.0050625	1266381	1612761	0.001102
0.0050625	1270794	1618938	0.001099
0.0050775	1270794	1619821	0.001106
0.0051100	1279619	1615408	0.001106
0.0051300	1270794	1614967	0.001112
0.0051175	1279619	1613643	0.001112
0.0050875	1270794	1614967	0.001111
0.0051450	1275206	1616291	0.001111
0.0051775	1275206	1616732	0.001114
0.0051275	1279619	1614526	0.001117
0.0051725	1275206	1612761	0.001123
0.0052075	1275206	1612761	0.001122
0.0051725	1275206	1614085	0.001124
0.0052300	1288444	1615850	0.001122
0.0052100	1275206	1616291	0.001129
0.0051650	1279619	1617615	0.001126
0.0052100	1275206	1617173	0.001134
0.0052375	1284031	1620262	0.001136
0.0052475	1275206	1622468	0.001133
0.0052325	1284031	1622910	0.001134
0.0052625	1279619	1623792	0.001138
0.0052525	1279619	1625998	0.001141
0.0052325	1279619	1628205	0.001140
0.0052400	1279619	1633500	0.001138
0.0052275	1270794	1635706	0.001145
0.0052375	1279619	1634823	0.001144
0.0053375	1288444	1633941	0.001151
0.0053375	1284031	1630411	0.001148
0.0052750	1284031	1629970	0.001151
0.0053000	1284031	1634823	0.001152
0.0053075	1279619	1634382	0.001156
0.0052700	1284031	1630411	0.001155
0.0053625	1288444	1628205	0.001159
0.0053850	1279619	1626440	0.001163
0.0053750	1297269	1625998	0.001160
0.0053800	1284031	1629087	0.001162
0.0053950	1275206	1630852	0.001168
0.0053575	1297269	1632617	0.001167
0.0054475	1288444	1632176	0.001171
0.0054075	1297269	1627763	0.001170
0.0054075	1301681	1629087	0.001172
0.0054100	1292856	1633058	0.001170
0.0054650	1297269	1634382	0.001177
0.0054075	1297269	1632176	0.001178
0.0054325	1284031	1631735	0.001183
0.0054925	1297269	1633058	0.001184
0.0054575	1297269	1636147	0.001183
0.0054625	1297269	1638353	0.001183
0.0054775	1297269	1640118	0.001191
0.0054700	1292856	1641001	0.001190
0.0054875	1288444	1641883	0.001193
0.0055425	1297269	1642324	0.001194
0.0055050	1297269	1640560	0.001195
0.0054925	1297269	1644531	0.001194
0.0055175	1297269	1645854	0.001199
0.0055125	1292856	1641001	0.001198
0.0055450	1297269	1637471	0.001207
0.0055400	1292856	1638353	0.001208
0.0055750	1301681	1638353	0.001206
0.0055775	1301681	1643648	0.001205
0.0055700	1301681	1644089	0.001212
0.0056225	1301681	1641883	0.001211
0.0056075	1297269	1644972	0.001215
0.0055950	1301681	1643648	0.001217
0.0056100	1306094	1643648	0.001218
0.0056025	1297269	1647619	0.001216
0.0056400	1306094	1649826	0.001221
0.0056250	1310506	1646737	0.001222
0.0056550	1314919	1647619	0.001227
0.0056575	1297269	1646737	0.001226
0.0056575	1310506	1646296	0.001226
0.0056375	1306094	1650708	0.001228
0.0056575	1310506	1653797	0.001232
0.0057000	1310506	1653356	0.001232
0.0056950	1297269	1653356	0.001237
0.0057325	1328156	1653797	0.001237
0.0056825	1314919	1652473	0.001237
0.0057325	1310506	1653797	0.001237
0.0057075	1301681	1652032	0.001240
0.0057425	1306094	1653356	0.001243
0.0057475	1310506	1654679	0.001248
0.0057500	1310506	1653356	0.001248
0.0057575	1323744	1652032	0.001248
0.0057700	1319331	1651591	0.001247
0.0057750	1323744	1651591	0.001254
0.0058025	1314919	1652032	0.001252
0.0057925	1319331	1652914	0.001255
0.0057625	1306094	1655562	0.001254
0.0057925	1323744	1656444	0.001259
0.0058300	1314919	1653797	0.001261
0.0058350	1319331	1653356	0.001266
0.0058525	1310506	1652914	0.001264
0.0058225	1310506	1653356	0.001265
0.0058050	1314919	1654679	0.001264
0.0058400	1306094	1656003	0.001270
0.0058725	1332569	1650708	0.001268
0.0058675	1310506	1650267	0.001278
0.0059075	1314919	1647178	0.001274
0.0058450	1328156	1647178	0.001276
0.0058600	1323744	1648502	0.001277
0.0059100	1323744	1648502	0.001281
0.0058575	1323744	1645413	0.001279
0.0059775	1323744	1641442	0.001286
0.0059100	1328156	1644531	0.001287
0.0059325	1323744	1644089	0.001285
0.0059475	1323744	1649384	0.001286
0.0059900	1323744	1650708	0.001292
0.0059575	1323744	1650708	0.001290
0.0059850	1328156	1650708	0.001297
0.0060250	1323744	1648061	0.001298
0.0059600	1328156	1650708	0.001296
0.0059875	1332569	1653356	0.001297
0.0060000	1323744	1656003	0.001302
0.0060125	1328156	1650267	0.001300
0.0060150	1319331	1650267	0.001307
0.0060300	1323744	1651591	0.001306
0.0060150	1323744	1652914	0.001307
0.0060200	1328156	1654238	0.001306
0.0060675	1332569	1656003	0.001309
0.0060525	1336981	1656444	0.001309
0.0060875	1323744	1654238	0.001316
0.0060750	1328156	1656886	0.001315
0.0060925	1323744	1658651	0.001313
0.0060775	1328156	1661739	0.001312
0.0061300	1336981	1663946	0.001319
0.0060825	1328156	1663504	0.001317
0.0061400	1332569	1660857	0.001322
0.0061650	1323744	1664387	0.001321
0.0061500	1345806	1667476	0.001321
0.0061275	1323744	1671006	0.001319
0.0061650	1332569	1671006	0.001325
0.0061850	1332569	1670564	0.001324
0.0061750	1332569	1672329	0.001325
0.0061425	1332569	1674536	0.001326
0.0061650	1336981	1674536	0.001331
0.0061875	1323744	1671006	0.001332
0.0062125	1336981	1674094	0.001336
0.0062150	1341393	1672771	0.001334
0.0062200	1336981	1671006	0.001334
0.0062275	1336981	1672329	0.001335
0.0062325	1336981	1674536	0.001338
0.0062650	1345806	1671006	0.001338
0.0062950	1332569	1668358	0.001342
0.0062400	1341393	1668799	0.001343
0.0062950	1332569	1669241	0.001344
0.0062625	1336981	1671888	0.001344
0.0063375	1332569	1673653	0.001346
0.0062950	1350218	1673212	0.001349
0.0063300	1345806	1673212	0.001353
0.0063000	1341393	1673653	0.001351
0.0063300	1336981	1676742	0.001352
0.0063175	1341393	1682037	0.001353
0.0063500	1341393	1685567	0.001358
0.0063600	1328156	1685126	0.001357
0.0063625	1341393	1688214	0.001361
0.0063425	1336981	1693509	0.001363
0.0063425	1332569	1692186	0.001361
0.0063625	1350218	1697922	0.001361
0.0064000	1341393	1698804	0.001367
0.0064075	1341393	1697922	0.001365
0.0064250	1336981	1695715	0.001371
0.0064200	1336981	1698804	0.001370
0.0064575	1341393	1697922	0.001370
0.0064625	1350218	1701893	0.001370
0.0064325	1345806	1702775	0.001373
0.0064325	1345806	1697922	0.001375
0.0064575	1345806	1699245	0.001379
0.0064400	1345806	1696157	0.001382
0.0064775	1345806	1699687	0.001380
0.0065150	1336981	1704982	0.001379
0.0064650	1336981	1707629	0.001385
0.0064875	1345806	1702775	0.001386
0.0065150	1345806	1705423	0.001392
0.0065300	1350218	1706747	0.001387
0.0065225	1345806	1705864	0.001388
0.0065150	1350218	1710718	0.001390
0.0065200	1328156	1711600	0.001394
0.0065575	1359043	1709394	0.001393
0.0065700	1350218	1707188	0.001399
0.0065700	1345806	1707188	0.001398
0.0065575	1341393	1707629	0.001397
0.0065400	1345806	1712483	0.001398
0.0065900	1350218	1710718	0.001403
0.0066325	1354631	1706747	0.001402
0.0066400	1350218	1705423	0.001408
0.0066650	1359043	1706305	0.001406
0.0065700	1350218	1708070	0.001408
0.0066000	1350218	1709394	0.001405
0.0066475	1350218	1707629	0.001410
0.0066200	1359043	1708953	0.001413
0.0067150	1341393	1709835	0.001417
0.0066700	1350218	1709835	0.001419
0.0066350	1341393	1711600	0.001418
0.0066850	1354631	1712042	0.001417
0.0066900	1345806	1713365	0.001422
0.0066375	1350218	1712483	0.001420
0.0066650	1359043	1712483	0.001421
0.0066750	1367868	1715572	0.001422
0.0066925	1363456	1721308	0.001428
0.0067350	1359043	1715572	0.001426
0.0067900	1359043	1712483	0.001431
0.0067275	1354631	1712042	0.001431
0.0067375	1354631	1713365	0.001429
0.0067375	1350218	1716895	0.001431
0.0067825	1354631	1715130	0.001432
0.0067525	1350218	1711600	0.001436
0.0068375	1354631	1709835	0.001440
0.0067650	1359043	1710277	0.001438
0.0067925	1363456	1705864	0.001440
0.0068125	1354631	1708953	0.001438
0.0068125	1350218	1711600	0.001443
0.0068200	1363456	1707629	0.001442
0.0068475	1367868	1706305	0.001444
0.0068200	1359043	1708953	0.001447
0.0068225	1363456	1712483	0.001448
0.0068275	1363456	1716013	0.001447
0.0068500	1367868	1716895	0.001452
0.0068850	1359043	1712483	0.001450
0.0069000	1350218	1712483	0.001457
0.0069300	1367868	1713807	0.001456
0.0069025	1367868	1713365	0.001454
0.0069250	1359043	1716454	0.001456
0.0069000	1363456	1715130	0.001459
0.0069050	1363456	1708953	0.001460
0.0069425	1363456	1705864	0.001466
0.0069525	1363456	1706305	0.001466
0.0069450	1350218	1708512	0.001464
0.0069850	1354631	1712483	0.001463
0.0069550	1367868	1715572	0.001469
0.0069400	1367868	1712042	0.001468
0.0070125	1372281	1710277	0.001473
0.0070325	1372281	1711159	0.001473
0.0069825	1367868	1709835	0.001473
0.0070000	1367868	1712483	0.001476
0.0070300	1363456	1711600	0.001478
0.0070050	1376693	1707188	0.001477
0.0070550	1363456	1703217	0.001483
0.0070775	1376693	1705423	0.001479
0.0070125	1372281	1704982	0.001482
0.0071000	1372281	1708953	0.001480
0.0070650	1372281	1710718	0.001485
0.0071000	1376693	1706747	0.001486
0.0071225	1376693	1708070	0.001493
0.0071075	1381106	1708070	0.001490
0.0071100	1372281	1708512	0.001491
0.0071050	1376693	1711600	0.001490
0.0070950	1363456	1712042	0.001494
0.0071325	1372281	1703658	0.001496
0.0071875	1376693	1700128	0.001500
0.0071650	1376693	1697039	0.001500
0.0071450	1367868	1696157	0.001498
0.0071525	1385518	1694392	0.001497
0.0072125	1381106	1693950	0.001503
0.0071750	1376693	1692627	0.001502
0.0071925	1389931	1695715	0.001508
0.0071850	1372281	1695274	0.001508
0.0071950	1376693	1696598	0.001508
0.0072500	1376693	1699245	0.001507
0.0072650	1367868	1699687	0.001511
0.0072425	1376693	1701452	0.001512
0.0072200	1381106	1697480	0.001514
0.0072025	1376693	1701010	0.001512
0.0072700	1376693	1701893	0.001515
0.0072625	1381106	1699245	0.001518
0.0072825	1385518	1695274	0.001522
0.0072675	1381106	1695274	0.001521
0.0073275	1394343	1693068	0.001520
0.0072850	1376693	1696157	0.001520
0.0073075	1385518	1697480	0.001526
0.0073350	1381106	1692627	0.001523
0.0073700	1385518	1693068	0.001531
0.0073450	1381106	1692627	0.001528
0.0073100	1389931	1691744	0.001531
0.0073425	1389931	1694833	0.001529
0.0073550	1394343	1695274	0.001535
0.0073575	1389931	1691303	0.001533
0.0073625	1385518	1688656	0.001537
0.0074025	1394343	1689538	0.001537
0.0073700	1381106	1689538	0.001537
0.0073825	1376693	1693509	0.001541
0.0074250	1398756	1695274	0.001542
0.0074025	1394343	1693068	0.001542
0.0074375	1394343	1692186	0.001546
0.0074375	1381106	1690421	0.001546
0.0074125	1385518	1691303	0.001550
0.0074275	1381106	1692627	0.001545
0.0074900	1394343	1692186	0.001550
0.0074950	1394343	1684243	0.001551
0.0075200	1389931	1678507	0.001557
0.0074950	1394343	1675418	0.001556
0.0075025	1389931	1671006	0.001552
0.0074850	1398756	1671447	0.001555
0.0075075	1389931	1670564	0.001561
0.0075050	1381106	1665711	0.001558
0.0075625	1398756	1659974	0.001565
0.0075375	1394343	1663063	0.001565
0.0075425	1394343	1663063	0.001566
0.0075575	1403168	1662622	0.001564
0.0075625	1394343	1663946	0.001570
0.0075400	1385518	1663946	0.001570
0.0076175	1403168	1669682	0.001573
0.0075800	1394343	1668358	0.001573
0.0075650	1403168	1668799	0.001573
0.0076175	1398756	1669241	0.001573
0.0076275	1385518	1670564	0.001578
0.0076250	1394343	1669682	0.001576
0.0075850	1394343	1673212	0.001576
0.0076100	1389931	1678948	0.001576
0.0076225	1389931	1682919	0.001583
0.0076325	1398756	1679389	0.001580
0.0077125	1389931	1677183	0.001584
0.0076525	1398756	1679831	0.001584
0.0076900	1398756	1679831	0.001584
0.0076550	1394343	1686449	0.001585
0.0076625	1389931	1689097	0.001590
0.0077025	1394343	1685567	0.001589
0.0077350	1403168	1685567	0.001594
0.0077250	1403168	1686891	0.001592
0.0077200	1385518	1686449	0.001593
0.0077325	1398756	1694833	0.001592
0.0077475	1403168	1694833	0.001595
0.0077550	1403168	1693068	0.001595
0.0077575	1398756	1693950	0.001601
0.0077775	1407581	1693950	0.001602
0.0077825	1398756	1695274	0.001601
0.0077825	1398756	1698804	0.001598
0.0078075	1398756	1701010	0.001605
0.0078025	1398756	1699245	0.001606
0.0078600	1411993	1700128	0.001610
0.0078525	1407581	1697480	0.001610
0.0078100	1416406	1700569	0.001608
0.0078625	1411993	1704982	0.001609
0.0078125	1403168	1705864	0.001613
0.0078550	1407581	1703217	0.001613
0.0078750	1403168	1702775	0.001619
0.0078750	1411993	1703658	0.001616
0.0079150	1411993	1701452	0.001615
0.0078600	1403168	1704982	0.001617
0.0078875	1398756	1701010	0.001622
0.0078975	1398756	1699245	0.001623
0.0078500	1403168	1697480	0.001627
0.0079075	1411993	1697480	0.001628
0.0079375	1403168	1695274	0.001626
0.0079200	1407581	1696157	0.001625
0.0079875	1407581	1696598	0.001631
0.0079875	1411993	1690862	0.001629
0.0079525	1411993	1689979	0.001634
0.0080125	1411993	1686891	0.001632
0.0080075	1416406	1691303	0.001636
0.0079500	1411993	1693068	0.001632
0.0079950	1398756	1693509	0.001638
0.0080275	1411993	1687773	0.001638
0.0079700	1403168	1687332	0.001644
0.0080650	1411993	1688214	0.001643
0.0079950	1403168	1686891	0.001645
0.0079575	1411993	1691303	0.001642
0.0080975	1407581	1691303	0.001648
0.0080400	1411993	1687773	0.001646
0.0080300	1398756	1684243	0.001652
0.0080625	1411993	1685126	0.001652
0.0080650	1407581	1686891	0.001651
0.0080550	1420818	1689097	0.001652
0.0081075	1420818	1691744	0.001656
0.0080900	1411993	1692186	0.001656
0.0081125	1416406	1695274	0.001660
0.0081275	1425231	1698363	0.001659
0.0081300	1420818	1702334	0.001659
0.0080850	1407581	1705864	0.001658
0.0081525	1425231	1708512	0.001665
0.0081650	1425231	1709835	0.001662
0.0080950	1411993	1706747	0.001663
0.0081175	1420818	1707188	0.001664
0.0082325	1425231	1703217	0.001667
0.0081200	1425231	1701452	0.001666
0.0081700	1425231	1697922	0.001672
0.0081825	1407581	1696157	0.001674
0.0081575	1420818	1695715	0.001673
0.0082025	1411993	1696598	0.001672
0.0082300	1425231	1697922	0.001676
0.0082100	1411993	1693950	0.001677
0.0082400	1416406	1695715	0.001684
0.0082300	1420818	1696157	0.001682
0.0082350	1416406	1699687	0.001682
0.0082450	1416406	1703217	0.001682
0.0083200	1425231	1706747	0.001684
0.0082750	1420818	1705423	0.001684
0.0083275	1420818	1702775	0.001689
0.0082925	1425231	1704540	0.001689
0.0082675	1434056	1707629	0.001689
0.0082950	1425231	1712483	0.001687
0.0083275	1425231	1715130	0.001696
0.0083175	1420818	1715572	0.001695
0.0083475	1425231	1719543	0.001699
0.0083775	1420818	1719543	0.001696
0.0083100	1434056	1718660	0.001695
0.0083750	1425231	1723514	0.001697
0.0084275	1420818	1723955	0.001702
0.0083425	1442880	1720867	0.001702
0.0084150	1429643	1716454	0.001706
0.0084550	1434056	1716454	0.001702
0.0083925	1425231	1713807	0.001706
0.0084100	1434056	1717778	0.001707
0.0084475	1425231	1716454	0.001710
0.0084025	1416406	1714689	0.001709
0.0084475	1425231	1716895	0.001714
0.0084575	1434056	1717337	0.001715
0.0084325	1429643	1723073	0.001713
0.0084875	1425231	1725720	0.001714
0.0085025	1434056	1728809	0.001718
0.0085200	1434056	1722632	0.001718
0.0084975	1434056	1722632	0.001721
0.0085325	1434056	1719984	0.001722
0.0085025	1429643	1719102	0.001724
0.0085100	1429643	1721308	0.001723
0.0085300	1429643	1721749	0.001725
0.0085025	1429643	1717337	0.001727
0.0085750	1438468	1712924	0.001728
0.0085525	1425231	1713807	0.001730
0.0085525	1434056	1713807	0.001732
0.0085325	1425231	1719543	0.001728
0.0086275	1442880	1721308	0.001735
0.0085575	1438468	1716895	0.001735
0.0086575	1438468	1714689	0.001739
0.0086425	1442880	1713807	0.001737
0.0085900	1438468	1711600	0.001739
0.0085900	1425231	1709394	0.001737
0.0086375	1434056	1708070	0.001742
0.0086025	1438468	1708070	0.001742
0.0086600	1438468	1706747	0.001750
0.0086925	1442880	1706305	0.001748
0.0086350	1425231	1706747	0.001747
0.0086825	1434056	1708070	0.001744
0.0086775	1438468	1708070	0.001750
0.0086950	1451705	1711600	0.001749
0.0087275	1442880	1712924	0.001749
0.0087075	1442880	1717778	0.001750
0.0086900	1442880	1718219	0.001755
0.0087000	1429643	1713807	0.001754
0.0087150	1447293	1712924	0.001759
0.0087150	1434056	1712042	0.001758
0.0087075	1442880	1710277	0.001759
0.0087350	1438468	1715572	0.001759
0.0087275	1456118	1717778	0.001763
0.0087350	1442880	1710718	0.001762
0.0087850	1442880	1710277	0.001768
0.0088150	1451705	1711159	0.001768
0.0088350	1451705	1713807	0.001766
0.0088050	1447293	1716454	0.001768
0.0088400	1442880	1717337	0.001771
0.0088200	1438468	1714689	0.001773
0.0088350	1447293	1713807	0.001775
0.0088575	1447293	1714689	0.001774
0.0088600	1451705	1714248	0.001774
0.0088375	1438468	1720425	0.001774
0.0088500	1442880	1722190	0.001778
0.0088450	1447293	1718219	0.001777
0.0089250	1434056	1717337	0.001780
0.0089000	1451705	1719984	0.001782
0.0088725	1442880	1719984	0.001784
0.0088875	1442880	1724838	0.001783
0.0088800	1447293	1725279	0.001788
0.0089075	1447293	1722190	0.001786
0.0089350	1442880	1723073	0.001789
0.0089125	1442880	1721749	0.001790
0.0089250	1447293	1718660	0.001792
0.0089475	1456118	1720867	0.001791
0.0089725	1447293	1720867	0.001793
0.0089500	1438468	1717337	0.001795
0.0090500	1456118	1717778	0.001800
0.0089750	1464943	1716013	0.001799
0.0090000	1456118	1719102	0.001796
0.0090300	1456118	1716895	0.001797
0.0090600	1451705	1714689	0.001804
0.0090150	1447293	1716013	0.001802
0.0090275	1456118	1720425	0.001807
0.0090625	1460530	1722632	0.001807
0.0090500	1464943	1723955	0.001806
0.0090400	1456118	1723073	0.001805
0.0090600	1451705	1723073	0.001811
0.0090950	1456118	1723514	0.001810
0.0090575	1451705	1721749	0.001811
0.0091075	1460530	1726603	0.001810
0.0091100	1456118	1731457	0.001816
0.0090950	1456118	1725720	0.001815
0.0090925	1451705	1722632	0.001818
0.0091025	1451705	1721749	0.001818
0.0091075	1460530	1720425	0.001818
0.0091350	1451705	1725720	0.001817
0.0091500	1464943	1726603	0.001826
0.0091875	1456118	1727044	0.001823
0.0091800	1456118	1727927	0.001828
0.0091725	1469355	1729250	0.001826
0.0091900	1451705	1728809	0.001828
0.0091725	1447293	1734987	0.001824
0.0091800	1456118	1734987	0.001829
0.0092000	1460530	1727485	0.001829
0.0092375	1460530	1726162	0.001836
0.0092375	1460530	1727927	0.001834
0.0092050	1460530	1728809	0.001836
0.0092200	1469355	1729692	0.001835
0.0092275	1460530	1730574	0.001838
0.0093075	1464943	1725720	0.001836
0.0092675	1460530	1722632	0.001842
0.0092575	1456118	1719984	0.001844
0.0092900	1460530	1721308	0.001843
0.0092525	1460530	1729692	0.001843
0.0093000	1460530	1733663	0.001847
0.0093075	1469355	1727927	0.001848
0.0093150	1464943	1724838	0.001849
0.0093700	1460530	1724397	0.001851
0.0093375	1456118	1723955	0.001851
0.0093150	1447293	1726162	0.001851
0.0093750	1460530	1729250	0.001854
0.0093375	1460530	1726603	0.001853
0.0093950	1460530	1725720	0.001858
0.0093475	1460530	1723955	0.001859
0.0093825	1464943	1720867	0.001859
0.0093575	1460530	1723073	0.001858
0.0093875	1473768	1723955	0.001862
0.0094150	1464943	1721308	0.001865
0.0094450	1478180	1719984	0.001866
0.0094125	1460530	1718660	0.001867
0.0094450	1469355	1715572	0.001868
0.0094125	1464943	1718219	0.001863
0.0094375	1464943	1719102	0.001872
0.0094825	1464943	1716895	0.001869
0.0094775	1473768	1715572	0.001871
0.0094850	1464943	1715572	0.001876
0.0094850	1473768	1717778	0.001873
0.0094575	1478180	1721308	0.001873
0.0095400	1464943	1720867	0.001879
0.0095200	1469355	1719543	0.001877
0.0095450	1473768	1719543	0.001881
0.0095525	1482593	1720425	0.001881
0.0095250	1473768	1720425	0.001883
0.0095250	1460530	1720425	0.001883
0.0095250	1456118	1721308	0.001887
0.0095525	1464943	1723955	0.001885
0.0096000	1473768	1723073	0.001889
0.0096000	1473768	1721749	0.001890
0.0095775	1464943	1722190	0.001890
0.0095825	1464943	1720867	0.001888
0.0096025	1469355	1721749	0.001893
0.0096075	1473768	1721308	0.001896
0.0096025	1469355	1718219	0.001894
0.0096275	1473768	1719984	0.001894
0.0096450	1469355	1721308	0.001897
0.0096025	1482593	1715572	0.001896
0.0096775	1473768	1714689	0.001902
0.0096625	1478180	1715130	0.001902
0.0096500	1473768	1716895	0.001904
0.0096275	1478180	1723955	0.001900
0.0097275	1482593	1725279	0.001907
0.0096675	1464943	1719984	0.001904
0.0096950	1473768	1724397	0.001909
0.0097325	1482593	1724397	0.001909
0.0096650	1487005	1726603	0.001908
0.0097075	1482593	1730133	0.001907
0.0097125	1473768	1732339	0.001913
0.0097000	1491418	1727485	0.001914
0.0097400	1482593	1724397	0.001918
0.0097825	1487005	1722632	0.001917
0.0097675	1487005	1723073	0.001916
0.0097525	1478180	1729250	0.001916
0.0097875	1491418	1729692	0.001921
0.0097725	1478180	1726162	0.001923
0.0098100	1482593	1724838	0.001924
0.0098175	1482593	1723073	0.001924
0.0098350	1487005	1719984	0.001925
0.0098175	1491418	1722190	0.001922
0.0098650	1487005	1721749	0.001928
0.0098075	1482593	1717337	0.001930
0.0098575	1487005	1714689	0.001930
0.0098650	1487005	1710277	0.001931
0.0098975	1487005	1706747	0.001935
0.0098550	1495830	1707188	0.001933
0.0098700	1491418	1704099	0.001931
0.0098975	1482593	1701452	0.001932
0.0098250	1482593	1701452	0.001932
0.0098850	1487005	1700569	0.001931
0.0098525	1487005	1701893	0.001934
0.0098475	1482593	1701452	0.001930
0.0098775	1482593	1699687	0.001933
0.0098700	1487005	1697922	0.001933
0.0098450	1482593	1696598	0.001933
0.0098575	1482593	1696598	0.001934
0.0098950	1478180	1695715	0.001932
0.0098850	1491418	1694833	0.001931
0.0098875	1487005	1693950	0.001932
0.0098450	1487005	1693068	0.001931
0.0098875	1495830	1693068	0.001930
0.0099125	1482593	1691744	0.001930
0.0098700	1482593	1692186	0.001934
0.0098625	1491418	1692186	0.001932
0.0098650	1482593	1692627	0.001932
0.0098600	1482593	1692186	0.001932
0.0098525	1482593	1692627	0.001931
0.0098850	1487005	1692186	0.001931
0.0098950	1500243	1690862	0.001932
0.0098450	1482593	1689538	0.001931
0.0098250	1478180	1686008	0.001932
0.0098575	1487005	1685567	0.001934
0.0098700	1491418	1684684	0.001933
0.0098675	1482593	1684243	0.001933
0.0098775	1482593	1682919	0.001932
0.0098775	1487005	1682919	0.001932
0.0098850	1500243	1683802	0.001932
0.0098575	1482593	1684684	0.001933
0.0098675	1482593	1683802	0.001931
0.0098650	1487005	1684243	0.001933
0.0098950	1491418	1686008	0.001932
0.0098525	1478180	1686449	0.001932
0.0098475	1487005	1685126	0.001933
0.0098600	1491418	1685567	0.001933
0.0098575	1491418	1685567	0.001932
0.0098525	1491418	1683802	0.001932
0.0098650	1487005	1683361	0.001932
0.0098450	1478180	1682037	0.001932
333			333			333		333