0.0000000	979570	270044	0.000000
0.0000175	983983	283281	-0.000007
0.0000225	988395	295195	-0.000006
0.0000650	983983	308873	-0.000007
0.0000275	983983	324317	-0.000007
0.0000475	979570	338878	-0.000012
0.0000850	975158	348145	-0.000014
0.0000825	975158	356970	-0.000016
0.0000775	970745	365353	-0.000018
0.0000825	975158	374619	-0.000017
0.0000750	975158	386533	-0.000018
0.0001100	961920	400212	-0.000017
0.0001300	979570	406389	-0.000020
0.0001675	970745	413449	-0.000021
0.0001225	961920	420509	-0.000023
0.0001225	957508	428010	-0.000025
0.0001025	957508	439483	-0.000024
0.0001275	953095	450073	-0.000027
0.0001400	957508	455368	-0.000027
0.0001575	961920	458457	-0.000027
0.0001550	957508	466399	-0.000030
0.0001750	957508	471253	-0.000029
0.0001525	957508	479195	-0.000029
0.0001875	957508	485814	-0.000033
0.0001975	957508	491109	-0.000033
0.0002075	953095	496845	-0.000036
0.0002400	957508	501258	-0.000034
0.0002200	953095	506994	-0.000035
0.0002650	944270	513612	-0.000036
0.0002025	953095	522437	-0.000034
0.0002150	961920	523320	-0.000037
0.0002725	948683	526850	-0.000039
0.0002825	953095	533027	-0.000038
0.0002775	948683	539205	-0.000037
0.0002775	948683	547147	-0.000039
0.0003050	953095	553766	-0.000040
0.0003100	944270	555972	-0.000041
0.0003425	939858	559502	-0.000042
0.0003400	944270	566562	-0.000041
0.0003150	939858	574946	-0.000043
0.0003075	935445	582006	-0.000041
0.0003150	944270	588625	-0.000042
0.0003025	931033	593920	-0.000040
0.0003425	944270	599656	-0.000040
0.0003350	957508	604951	-0.000042
0.0003925	948683	610246	-0.000043
0.0003675	948683	616423	-0.000045
0.0003675	939858	623042	-0.000043
0.0003550	948683	627454	-0.000045
0.0003625	944270	628337	-0.000043
0.0003950	944270	636721	-0.000044
0.0004150	939858	643781	-0.000043
0.0003975	939858	645546	-0.000044
0.0003750	944270	648634	-0.000042
0.0004050	939858	650399	-0.000044
0.0003975	935445	652606	-0.000046
0.0004075	944270	659666	-0.000044
0.0004400	939858	664519	-0.000043
0.0004550	944270	668490	-0.000045
0.0004475	944270	673785	-0.000042
0.0004725	948683	676874	-0.000044
0.0004600	939858	677315	-0.000046
0.0004400	931033	685258	-0.000044
0.0004475	939858	690112	-0.000046
0.0005275	939858	691435	-0.000045
0.0004925	939858	695407	-0.000044
0.0005200	939858	700702	-0.000046
0.0005000	948683	706879	-0.000044
0.0005225	939858	713057	-0.000045
0.0005375	939858	719234	-0.000045
0.0005600	944270	722323	-0.000043
0.0006175	944270	728941	-0.000042
0.0005550	944270	732471	-0.000040
0.0006025	944270	739090	-0.000042
0.0005425	935445	748798	-0.000042
0.0006100	948683	754975	-0.000044
0.0006300	948683	757181	-0.000041
0.0006375	944270	758505	-0.000041
0.0006275	948683	763359	-0.000040
0.0006575	953095	766006	-0.000040
0.0006050	944270	773507	-0.000040
0.0006175	944270	777920	-0.000038
0.0006125	944270	779685	-0.000037
0.0006550	944270	781891	-0.000037
0.0006275	944270	786745	-0.000038
0.0006700	948683	792922	-0.000038
0.0006450	948683	801306	-0.000037
0.0007050	957508	809690	-0.000035
0.0007000	939858	813661	-0.000036
0.0007250	944270	818515	-0.000034
0.0007175	953095	824251	-0.000033
0.0007300	966333	829987	-0.000034
0.0006950	957508	838812	-0.000033
0.0007775	948683	845431	-0.000034
0.0007650	961920	848520	-0.000032
0.0007700	953095	852491	-0.000030
0.0007475	957508	854256	-0.000031
0.0007175	948683	857345	-0.000031
0.0007950	961920	863522	-0.000031
0.0007675	961920	870582	-0.000027
0.0008150	957508	871465	-0.000029
0.0008275	966333	875877	-0.000027
0.0008375	961920	882937	-0.000024
0.0008025	957508	888232	-0.000025
0.0007825	961920	891321	-0.000024
0.0008025	957508	894851	-0.000024
0.0008100	957508	901028	-0.000025
0.0008425	961920	907206	-0.000022
0.0008675	975158	912059	-0.000020
0.0008500	966333	917354	-0.000021
0.0008375	966333	923532	-0.000019
0.0008600	961920	929709	-0.000017
0.0008950	961920	931915	-0.000019
0.0008550	975158	936769	-0.000017
0.0008500	961920	946035	-0.000016
0.0009275	966333	953537	-0.000017
0.0009000	970745	958390	-0.000016
0.0009300	966333	961920	-0.000011
0.0009350	975158	966333	-0.000014
0.0009100	979570	971187	-0.000013
0.0009050	979570	979570	-0.000012
0.0009150	966333	983983	-0.000007
0.0009275	983983	987954	-0.000006
0.0009725	983983	990601	-0.000004
0.0009575	979570	994573	-0.000005
0.0009975	988395	1002074	-0.000004
0.0009725	988395	1008251	-0.000005
0.0009850	988395	1012664	-0.000001
0.0009925	992808	1014870	-0.000002
0.0010175	988395	1016194	0.000001
0.0010600	979570	1017959	0.000002
0.0009800	983983	1022813	0.000004
0.0010025	983983	1028549	0.000001
0.0010150	975158	1035609	0.000006
0.0010050	997220	1036491	0.000004
0.0010300	992808	1036491	0.000010
0.0010900	997220	1039139	0.000010
0.0010675	997220	1043992	0.000009
0.0010575	988395	1052376	0.000009
0.0010675	988395	1057671	0.000011
0.0010900	1001633	1059436	0.000014
0.0011125	1010458	1060760	0.000019
0.0011050	1010458	1065614	0.000020
0.0011325	1006045	1069144	0.000019
0.0011450	1014870	1076645	0.000018
0.0011175	992808	1082381	0.000021
0.0011000	997220	1084146	0.000022
0.0011350	1006045	1088117	0.000027
0.0011750	1019283	1090323	0.000027
0.0011350	1010458	1096060	0.000026
0.0011300	1006045	1105326	0.000027
0.0011825	1006045	1113268	0.000032
0.0011525	1010458	1111945	0.000031
0.0011850	1010458	1115033	0.000036
0.0012025	1023695	1118563	0.000035
0.0011600	1019283	1122976	0.000035
0.0011775	1023695	1127830	0.000035
0.0012100	1014870	1133124	0.000039
0.0012300	1023695	1133566	0.000039
0.0012375	1014870	1135772	0.000043
0.0012725	1036932	1136213	0.000040
0.0012725	1023695	1137096	0.000042
0.0012550	1023695	1142391	0.000043
0.0012200	1023695	1142832	0.000045
0.0012975	1032520	1145479	0.000046
0.0013150	1036932	1146362	0.000051
0.0012925	1036932	1150333	0.000051
0.0013000	1041345	1150333	0.000051
0.0012825	1045757	1152981	0.000052
0.0013250	1036932	1153863	0.000057
0.0012875	1036932	1157393	0.000057
0.0013425	1041345	1160923	0.000057
0.0013400	1050170	1165336	0.000054
0.0013550	1045757	1170631	0.000060
0.0013300	1054582	1169307	0.000059
0.0013900	1050170	1171954	0.000063
0.0013750	1036932	1173278	0.000064
0.0013525	1041345	1175484	0.000065
0.0013675	1045757	1182103	0.000065
0.0013875	1050170	1188722	0.000068
0.0013650	1050170	1186957	0.000067
0.0014250	1058995	1187398	0.000072
0.0014150	1058995	1189604	0.000073
0.0014300	1058995	1192252	0.000074
0.0014150	1058995	1197988	0.000072
0.0014350	1058995	1201077	0.000077
0.0014300	1063407	1203724	0.000078
0.0014750	1063407	1205489	0.000081
0.0014575	1067820	1209460	0.000081
0.0015000	1063407	1209460	0.000082
0.0014500	1063407	1215638	0.000083
0.0014625	1063407	1218727	0.000088
0.0014700	1067820	1218285	0.000088
0.0015450	1067820	1218285	0.000091
0.0015225	1085470	1220492	0.000093
0.0015025	1076645	1222257	0.000090
0.0015100	1085470	1223580	0.000093
0.0015350	1081057	1225787	0.000098
0.0015750	1072232	1223580	0.000098
0.0015225	1085470	1223139	0.000102
0.0015625	1085470	1224022	0.000103
0.0015725	1085470	1227110	0.000103
0.0015725	1089882	1231523	0.000104
0.0015950	1089882	1234611	0.000109
0.0015275	1089882	1234170	0.000109
0.0016100	1085470	1234611	0.000114
0.0016075	1089882	1237259	0.000113
0.0016550	1098707	1239024	0.000111
0.0016225	1098707	1244760	0.000112
0.0016050	1089882	1252703	0.000117
0.0016225	1094295	1253585	0.000116
0.0016700	1094295	1254468	0.000122
0.0016725	1098707	1256233	0.000124
0.0016575	1107532	1258439	0.000122
0.0016550	1107532	1258880	0.000124
0.0016850	1107532	1261086	0.000127
0.0016775	1107532	1263734	0.000128
0.0016575	1116357	1265940	0.000133
0.0016850	1116357	1267264	0.000133
0.0016900	1107532	1265940	0.000134
0.0017075	1107532	1268588	0.000134
0.0017100	1116357	1270353	0.000137
0.0017025	1116357	1272559	0.000138
0.0017300	1120770	1274324	0.000139
0.0017475	1134007	1281825	0.000136
0.0017150	1125182	1284472	0.000141
0.0017400	1125182	1282707	0.000140
0.0017700	1120770	1283590	0.000146
0.0018175	1134007	1284914	0.000144
0.0017600	1129594	1288885	0.000146
0.0017350	1134007	1291532	0.000146
0.0018350	1142832	1295504	0.000151
0.0018200	1142832	1296386	0.000151
0.0018325	1142832	1298592	0.000158
0.0018275	1142832	1297269	0.000157
0.0018575	1147244	1299475	0.000158
0.0018500	1142832	1306976	0.000156
0.0018325	1125182	1312712	0.000161
0.0018425	1147244	1312271	0.000164
0.0019025	1147244	1310947	0.000167
0.0018650	1147244	1313595	0.000168
0.0018775	1156069	1314919	0.000168
0.0018975	1156069	1319772	0.000166
0.0019050	1151657	1322420	0.000174
0.0019400	1169307	1325950	0.000175
0.0018975	1156069	1326832	0.000178
0.0019075	1151657	1327715	0.000179
0.0019450	1151657	1328597	0.000176
0.0019350	1173719	1334775	0.000178
0.0019575	1169307	1340070	0.000182
0.0019350	1169307	1340070	0.000184
0.0019375	1164894	1342276	0.000187
0.0019800	1169307	1342717	0.000189
0.0019800	1169307	1344482	0.000188
0.0019975	1169307	1348453	0.000190
0.0019875	1169307	1351542	0.000191
0.0020350	1169307	1349777	0.000194
0.0020475	1186957	1350218	0.000199
0.0020250	1173719	1350218	0.000198
0.0020375	1186957	1349336	0.000198
0.0020075	1173719	1354190	0.000199
0.0020725	1186957	1355072	0.000205
0.0020725	1191369	1356396	0.000206
0.0020525	1178132	1358161	0.000210
0.0020600	1182544	1359043	0.000211
0.0020575	1200194	1359485	0.000212
0.0020375	1204607	1364780	0.000212
0.0020775	1182544	1366986	0.000216
0.0021125	1200194	1364780	0.000216
0.0021175	1200194	1366103	0.000220
0.0021425	1204607	1366545	0.000222
0.0021400	1209019	1370516	0.000221
0.0020800	1200194	1371398	0.000219
0.0021200	1191369	1374487	0.000225
0.0021225	1200194	1373163	0.000223
0.0021725	1217844	1374928	0.000231
0.0021650	1217844	1375370	0.000230
0.0021475	1217844	1378900	0.000230
0.0021625	1209019	1382871	0.000230
0.0022225	1222257	1384636	0.000234
0.0022175	1231081	1386842	0.000237
0.0022225	1226669	1385518	0.000243
0.0021725	1217844	1387724	0.000243
0.0022350	1231081	1389048	0.000242
0.0022400	1226669	1391696	0.000241
0.0022000	1213432	1391696	0.000246
0.0022275	1231081	1391696	0.000245
0.0022650	1231081	1392137	0.000245
0.0021975	1235494	1395667	0.000247
0.0022625	1222257	1398756	0.000250
0.0022975	1235494	1397432	0.000251
0.0023425	1239906	1400521	0.000257
0.0022875	1244319	1402727	0.000256
0.0022675	1231081	1403168	0.000257
0.0022975	1239906	1407581	0.000258
0.0023275	1244319	1412434	0.000263
0.0022900	1248731	1412876	0.000261
0.0023400	1244319	1414199	0.000265
0.0023725	1253144	1416406	0.000267
0.0023475	1253144	1418612	0.000266
0.0023450	1253144	1423466	0.000266
0.0023425	1244319	1425231	0.000269
0.0023700	1257556	1426996	0.000271
0.0023650	1266381	1428319	0.000275
0.0023575	1270794	1430084	0.000275
0.0024125	1266381	1430967	0.000275
0.0024050	1261969	1438027	0.000273
0.0024100	1261969	1441557	0.000278
0.0023550	1261969	1439350	0.000281
0.0024150	1261969	1439792	0.000286
0.0024250	1261969	1441557	0.000284
0.0024100	1270794	1442880	0.000286
0.0024550	1275206	1445087	0.000287
0.0024375	1270794	1447734	0.000289
0.0024425	1270794	1445087	0.000289
0.0025275	1279619	1446410	0.000295
0.0024675	1284031	1446410	0.000295
0.0024725	1266381	1448175	0.000294
0.0024875	1284031	1452147	0.000297
0.0024825	1275206	1454794	0.000299
0.0025375	1292856	1453029	0.000299
0.0025175	1284031	1452588	0.000304
0.0025375	1297269	1453912	0.000304
0.0025425	1279619	1456559	0.000304
0.0024900	1292856	1462295	0.000306
0.0025175	1292856	1465384	0.000310
0.0025675	1297269	1464943	0.000310
0.0025875	1297269	1465384	0.000315
0.0025650	1301681	1467590	0.000314
0.0025650	1297269	1469797	0.000317
0.0025750	1301681	1473768	0.000315
0.0026175	1297269	1478180	0.000319
0.0025975	1310506	1478622	0.000318
0.0026050	1306094	1478180	0.000327
0.0026225	1310506	1477739	0.000325
0.0026300	1319331	1477298	0.000326
0.0026350	1314919	1476415	0.000327
0.0026300	1319331	1473327	0.000327
0.0026825	1323744	1473327	0.000330
0.0026775	1323744	1471562	0.000335
0.0026650	1323744	1472885	0.000333
0.0026225	1323744	1475092	0.000337
0.0026725	1323744	1475533	0.000336
0.0027425	1328156	1476415	0.000340
0.0026925	1328156	1477298	0.000341
0.0026900	1332569	1479504	0.000338
0.0027100	1336981	1483917	0.000341
0.0027425	1328156	1488770	0.000346
0.0027350	1332569	1488770	0.000347
0.0027425	1332569	1490094	0.000351
0.0027575	1345806	1492300	0.000350
0.0028000	1341393	1489653	0.000351
0.0027725	1341393	1492741	0.000351
0.0027675	1345806	1494065	0.000356
0.0028300	1350218	1494948	0.000354
0.0028075	1332569	1493624	0.000362
0.0028525	1350218	1493624	0.000362
0.0027975	1350218	1492300	0.000361
0.0028425	1345806	1495389	0.000361
0.0028250	1345806	1498919	0.000366
0.0028500	1350218	1497154	0.000364
0.0028500	1350218	1498478	0.000370
0.0028800	1350218	1498478	0.000370
0.0028750	1359043	1498919	0.000371
0.0028675	1359043	1501125	0.000370
0.0028750	1350218	1503773	0.000375
0.0028775	1363456	1502890	0.000378
0.0028650	1363456	1502449	0.000382
0.0029250	1372281	1502008	0.000380
0.0028925	1372281	1500684	0.000381
0.0029025	1363456	1503773	0.000379
0.0029150	1363456	1506420	0.000386
0.0029300	1363456	1505096	0.000384
0.0029400	1372281	1505538	0.000391
0.0029650	1376693	1504655	0.000390
0.0029275	1363456	1504655	0.000390
0.0029975	1376693	1506420	0.000389
0.0030100	1385518	1511715	0.000392
0.0029700	1376693	1511274	0.000396
0.0029975	1381106	1510391	0.000401
0.0030025	1394343	1510833	0.000401
0.0029975	1385518	1511715	0.000402
0.0030100	1394343	1517010	0.000400
0.0030350	1394343	1520540	0.000405
0.0030500	1403168	1521423	0.000406
0.0030700	1389931	1522305	0.000409
0.0030525	1403168	1525835	0.000410
0.0030400	1403168	1524953	0.000410
0.0030700	1394343	1525835	0.000409
0.0030275	1403168	1530248	0.000414
0.0030550	1398756	1531571	0.000414
0.0030925	1403168	1533336	0.000417
0.0030950	1403168	1532454	0.000419
0.0030975	1403168	1532454	0.000421
0.0030925	1394343	1532013	0.000418
0.0031175	1398756	1535101	0.000423
0.0031175	1407581	1537749	0.000424
0.0030975	1416406	1541279	0.000423
0.0031350	1420818	1547015	0.000422
0.0031450	1411993	1548780	0.000429
0.0031525	1416406	1548339	0.000426
0.0031650	1407581	1549221	0.000431
0.0031725	1416406	1553192	0.000433
0.0032100	1411993	1557164	0.000431
0.0031725	1420818	1564224	0.000433
0.0031775	1407581	1566430	0.000436
0.0032325	1429643	1563782	0.000435
0.0032350	1429643	1564665	0.000442
0.0032325	1420818	1567312	0.000443
0.0032525	1425231	1568636	0.000443
0.0032250	1420818	1571725	0.000440
0.0032625	1429643	1574372	0.000448
0.0032475	1420818	1573049	0.000446
0.0032775	1425231	1573490	0.000451
0.0032775	1434056	1573049	0.000451
0.0032900	1429643	1573049	0.000449
0.0032725	1434056	1577902	0.000450
0.0032775	1429643	1582315	0.000455
0.0032900	1434056	1579226	0.000455
0.0033250	1438468	1580109	0.000458
0.0033375	1447293	1582756	0.000455
0.0033150	1447293	1584080	0.000457
0.0033100	1447293	1588492	0.000457
0.0033425	1442880	1591140	0.000463
0.0033650	1438468	1591581	0.000462
0.0033400	1434056	1592463	0.000466
0.0033650	1456118	1596435	0.000467
0.0033900	1447293	1595993	0.000467
0.0034125	1451705	1599523	0.000468
0.0033975	1456118	1601730	0.000473
0.0034075	1456118	1600406	0.000473
0.0034050	1447293	1600406	0.000477
0.0033625	1460530	1600847	0.000477
0.0033900	1456118	1601730	0.000477
0.0034200	1451705	1604377	0.000479
0.0034550	1456118	1607025	0.000481
0.0034000	1460530	1602612	0.000480
0.0034625	1460530	1603053	0.000482
0.0035150	1464943	1605260	0.000487
0.0034850	1473768	1606583	0.000485
0.0034675	1460530	1610113	0.000484
0.0034975	1469355	1612320	0.000491
0.0035125	1482593	1610555	0.000488
0.0035150	1478180	1607466	0.000493
0.0035525	1482593	1607466	0.000494
0.0034950	1482593	1607907	0.000494
0.0035125	1473768	1611878	0.000495
0.0035475	1487005	1612320	0.000497
0.0035225	1491418	1610555	0.000497
0.0035550	1482593	1610555	0.000501
0.0035800	1487005	1609672	0.000503
0.0035475	1487005	1609672	0.000504
0.0035800	1495830	1610113	0.000501
0.0036300	1482593	1610555	0.000507
0.0035950	1487005	1611437	0.000506
0.0036175	1500243	1611878	0.000512
0.0036600	1500243	1611437	0.000512
0.0036100	1500243	1611878	0.000513
0.0036275	1500243	1609231	0.000511
0.0036125	1500243	1607907	0.000517
0.0036450	1504655	1610113	0.000517
0.0036375	1495830	1612320	0.000517
0.0036375	1500243	1617173	0.000517
0.0036400	1495830	1620703	0.000521
0.0036375	1500243	1619821	0.000521
0.0036775	1509068	1623351	0.000527
0.0036800	1509068	1625557	0.000525
0.0037025	1504655	1627763	0.000528
0.0036925	1509068	1633941	0.000526
0.0037075	1509068	1636588	0.000530
0.0037400	1522305	1636147	0.000530
0.0037275	1513480	1634382	0.000534
0.0037225	1517893	1635265	0.000536
0.0037400	1517893	1637471	0.000534
0.0037150	1517893	1640560	0.000534
0.0037275	1513480	1641883	0.000536
0.0037425	1531130	1640560	0.000540
0.0037925	1522305	1639236	0.000542
0.0038075	1526718	1640560	0.000544
0.0037550	1522305	1643648	0.000543
0.0037700	1522305	1647619	0.000545
0.0038100	1517893	1652032	0.000548
0.0038000	1531130	1650267	0.000551
0.0038275	1531130	1649384	0.000554
0.0038075	1526718	1653797	0.000554
0.0038350	1544367	1652914	0.000553
0.0038850	1535543	1659533	0.000552
0.0038450	1544367	1663063	0.000556
0.0038800	1535543	1662181	0.000559
0.0038925	1535543	1661298	0.000559
0.0038850	1548780	1661739	0.000563
0.0038450	1544367	1663946	0.000562
0.0038925	1548780	1668799	0.000563
0.0038950	1548780	1674536	0.000567
0.0039300	1548780	1671888	0.000566
0.0039300	1553192	1674536	0.000570
0.0039300	1557605	1673212	0.000570
0.0039600	1557605	1674094	0.000571
0.0039425	1557605	1677624	0.000572
0.0039775	1557605	1679831	0.000578
0.0039675	1557605	1678507	0.000576
0.0040000	1562017	1674977	0.000579
0.0039950	1562017	1675418	0.000581
0.0040400	1566430	1675418	0.000580
0.0040150	1570842	1678507	0.000580
0.0040175	1566430	1678948	0.000584
0.0040100	1570842	1675859	0.000583
0.0040200	1562017	1676301	0.000588
0.0040425	1584080	1678507	0.000587
0.0040700	1579667	1681596	0.000589
0.0040850	1584080	1686891	0.000589
0.0040600	1584080	1691303	0.000593
0.0040975	1584080	1688214	0.000594
0.0041275	1579667	1686891	0.000597
0.0041200	1592905	1688214	0.000598
0.0041175	1579667	1690421	0.000598
0.0040700	1588492	1694392	0.000597
0.0040850	1584080	1697480	0.000600
0.0040700	1584080	1696598	0.000601
0.0041200	1579667	1697039	0.000608
0.0041400	1588492	1697480	0.000608
0.0041450	1584080	1696598	0.000607
0.0041400	1601730	1701010	0.000605
0.0041175	1588492	1702775	0.000610
0.0041650	1592905	1708070	0.000609
0.0041700	1601730	1711159	0.000611
0.0041500	1588492	1716013	0.000609
0.0041825	1597317	1716895	0.000613
0.0041700	1601730	1718219	0.000615
0.0042275	1597317	1719543	0.000617
0.0042175	1601730	1720425	0.000617
0.0041900	1606142	1723955	0.000619
0.0041950	1597317	1730133	0.000618
0.0042100	1606142	1734545	0.000621
0.0041950	1606142	1731015	0.000623
0.0042300	1614967	1730133	0.000626
0.0042650	1614967	1729692	0.000625
0.0042550	1610555	1731898	0.000627
0.0042425	1610555	1735869	0.000626
0.0042725	1614967	1737634	0.000634
0.0042950	1619380	1736310	0.000630
0.0042850	1610555	1738075	0.000635
0.0043250	1619380	1738958	0.000634
0.0043350	1619380	1738075	0.000635
0.0043350	1619380	1742488	0.000636
0.0043450	1619380	1744253	0.000641
0.0043700	1614967	1745135	0.000640
0.0043400	1623792	1744694	0.000644
0.0043600	1619380	1747341	0.000645
0.0043575	1628205	1748665	0.000647
0.0043975	1628205	1757490	0.000644
0.0043825	1623792	1762344	0.000648
0.0043925	1632617	1759255	0.000650
0.0044200	1632617	1761903	0.000653
0.0044100	1632617	1762344	0.000652
0.0043825	1637030	1765433	0.000654
0.0044325	1632617	1769404	0.000652
0.0044675	1641442	1775140	0.000658
0.0044675	1632617	1773375	0.000656
0.0044775	1641442	1775581	0.000660
0.0044350	1641442	1773375	0.000661
0.0044725	1650267	1771169	0.000662
0.0044975	1650267	1773375	0.000662
0.0045400	1654679	1774699	0.000665
0.0044725	1645854	1779111	0.000666
0.0045150	1650267	1779994	0.000672
0.0045525	1663504	1783083	0.000671
0.0045075	1645854	1783083	0.000671
0.0045275	1659092	1785289	0.000669
0.0045650	1650267	1785730	0.000673
0.0045725	1654679	1788378	0.000676
0.0045400	1659092	1791025	0.000676
0.0045600	1667917	1793231	0.000676
0.0045250	1659092	1795437	0.000678
0.0045625	1663504	1791908	0.000677
0.0045900	1663504	1791466	0.000683
0.0046175	1667917	1789701	0.000683
0.0045650	1667917	1791025	0.000684
0.0045550	1659092	1793231	0.000682
0.0045900	1667917	1796761	0.000686
0.0046175	1672329	1796320	0.000691
0.0046600	1676742	1797202	0.000692
0.0046225	1672329	1800732	0.000691
0.0046650	1681154	1802497	0.000689
0.0046375	1672329	1808234	0.000690
0.0046225	1689979	1810881	0.000696
0.0046350	1672329	1812646	0.000695
0.0046925	1685567	1813970	0.000702
0.0046350	1689979	1816176	0.000700
0.0046575	1681154	1816617	0.000700
0.0046700	1685567	1816617	0.000700
0.0047425	1685567	1815294	0.000703
0.0047125	1698804	1809557	0.000705
0.0047250	1694392	1808234	0.000709
0.0047625	1689979	1807792	0.000707
0.0047150	1694392	1811322	0.000709
0.0047800	1698804	1813087	0.000708
0.0047650	1698804	1815735	0.000712
0.0047350	1694392	1813529	0.000713
0.0047975	1694392	1813087	0.000717
0.0048075	1694392	1814411	0.000716
0.0047775	1703217	1820147	0.000718
0.0047975	1698804	1828531	0.000718
0.0048125	1703217	1829855	0.000721
0.0047600	1694392	1829414	0.000720
0.0048300	1698804	1826766	0.000722
0.0048250	1707629	1830737	0.000725
0.0048300	1707629	1830737	0.000723
0.0048475	1716454	1836032	0.000727
0.0048200	1716454	1838680	0.000730
0.0048400	1720867	1839562	0.000727
0.0048800	1720867	1839121	0.000733
0.0048800	1725279	1841327	0.000734
0.0049175	1716454	1845299	0.000733
0.0048650	1716454	1851476	0.000732
0.0048975	1720867	1857212	0.000736
0.0049025	1716454	1857653	0.000735
0.0049800	1729692	1859860	0.000740
0.0049350	1725279	1859860	0.000742
0.0049150	1720867	1861183	0.000742
0.0049050	1725279	1865596	0.000739
0.0049400	1738517	1869567	0.000743
0.0049425	1725279	1867802	0.000744
0.0049925	1738517	1868685	0.000749
0.0049800	1742929	1866478	0.000749
0.0049975	1734104	1867802	0.000747
0.0049850	1738517	1865596	0.000748
0.0050025	1734104	1865155	0.000751
0.0049850	1742929	1869126	0.000754
0.0050475	1742929	1870450	0.000756
0.0050425	1751754	1873980	0.000756
0.0050100	1742929	1874421	0.000757
0.0050225	1738517	1877068	0.000758
0.0050850	1751754	1878833	0.000761
0.0050525	1738517	1885011	0.000760
0.0050525	1742929	1887217	0.000763
0.0050550	1751754	1890747	0.000764
0.0050925	1742929	1895601	0.000765
0.0051100	1751754	1893836	0.000766
0.0050925	1751754	1895601	0.000770
0.0051150	1760579	1898248	0.000771
0.0051050	1760579	1901337	0.000769
0.0051650	1764991	1907073	0.000770
0.0051175	1747341	1910603	0.000775
0.0051675	1764991	1908397	0.000773
0.0051150	1760579	1908838	0.000777
0.0051475	1760579	1913692	0.000780
0.0051175	1756166	1915457	0.000779
0.0051725	1769404	1920752	0.000779
0.0051775	1756166	1922958	0.000781
0.0052050	1773816	1921193	0.000782
0.0051800	1773816	1918104	0.000786
0.0052125	1764991	1918987	0.000787
0.0052150	1764991	1920752	0.000786
0.0052300	1778229	1924723	0.000786
0.0052175	1769404	1927812	0.000789
0.0052200	1773816	1925164	0.000790
0.0052425	1760579	1925164	0.000795
0.0052975	1773816	1924282	0.000795
0.0052725	1778229	1928253	0.000792
0.0052550	1778229	1932224	0.000794
0.0053025	1778229	1937078	0.000800
0.0052750	1787054	1933989	0.000797
0.0053025	1778229	1933548	0.000801
0.0053100	1795879	1934431	0.000802
0.0053125	1787054	1935313	0.000804
0.0053125	1782641	1939726	0.000802
0.0053275	1782641	1944138	0.000808
0.0052975	1787054	1945462	0.000809
0.0053375	1782641	1943697	0.000809
0.0053475	1778229	1944138	0.000809
0.0053500	1791466	1945903	0.000808
0.0053600	1787054	1952080	0.000813
0.0053850	1800291	1955169	0.000814
0.0053750	1795879	1954287	0.000812
0.0053825	1795879	1955169	0.000815
0.0054075	1800291	1954728	0.000818
0.0054450	1804704	1954287	0.000819
0.0054200	1800291	1956052	0.000820
0.0053975	1809116	1959140	0.000820
0.0054175	1813529	1955610	0.000821
0.0054600	1813529	1954287	0.000824
0.0054425	1809116	1952963	0.000825
0.0054325	1804704	1951639	0.000826
0.0054500	1813529	1953404	0.000824
0.0054800	1813529	1953845	0.000831
0.0054650	1817941	1953404	0.000833
0.0055075	1813529	1953404	0.000836
0.0055175	1817941	1956934	0.000835
0.0055175	1822354	1954728	0.000835
0.0054775	1813529	1957375	0.000833
0.0055425	1822354	1958699	0.000837
0.0055300	1817941	1960023	0.000838
0.0055600	1822354	1963994	0.000843
0.0055350	1831179	1967965	0.000841
0.0055575	1831179	1970613	0.000842
0.0055900	1840004	1973260	0.000842
0.0055800	1826766	1974143	0.000847
0.0055950	1831179	1974584	0.000845
0.0055525	1831179	1978114	0.000844
0.0055475	1831179	1981644	0.000846
0.0056100	1835591	1984292	0.000849
0.0056100	1835591	1982527	0.000850
0.0056100	1840004	1979879	0.000854
0.0056350	1840004	1979879	0.000855
0.0056225	1840004	1978555	0.000855
0.0056050	1844416	1981203	0.000853
0.0056650	1844416	1982527	0.000859
0.0056100	1840004	1981203	0.000860
0.0056925	1848828	1981644	0.000864
0.0056750	1844416	1982968	0.000863
0.0056525	1840004	1982968	0.000863
0.0056800	1844416	1985615	0.000863
0.0057300	1853241	1990469	0.000867
0.0057175	1862066	1987380	0.000867
0.0057350	1848828	1986498	0.000872
0.0057350	1848828	1985615	0.000871
0.0057600	1857653	1983409	0.000871
0.0057425	1857653	1988704	0.000871
0.0057675	1862066	1991352	0.000874
0.0057725	1857653	1989587	0.000876
0.0057900	1857653	1992675	0.000879
0.0057900	1866478	1996647	0.000878
0.0057400	1848828	1997088	0.000880
0.0057475	1875303	2001941	0.000879
0.0058100	1875303	2005913	0.000883
0.0058075	1866478	2007236	0.000883
0.0058100	1870891	2011208	0.000888
0.0058550	1870891	2009443	0.000887
0.0058400	1870891	2010766	0.000887
0.0058625	1875303	2015620	0.000887
0.0058500	1870891	2016503	0.000890
0.0058525	1870891	2014738	0.000892
0.0058125	1866478	2013855	0.000894
0.0059150	1888541	2014738	0.000892
0.0058675	1875303	2016061	0.000891
0.0059000	1888541	2016061	0.000894
0.0058975	1875303	2017385	0.000901
0.0059050	1884128	2019150	0.000897
0.0059725	1884128	2020915	0.000901
0.0059600	1892953	2022680	0.000903
0.0059175	1888541	2023121	0.000903
0.0059100	1884128	2022680	0.000904
0.0059250	1879716	2022239	0.000907
0.0059525	1888541	2024445	0.000906
0.0059975	1892953	2028416	0.000905
0.0059325	1897366	2033270	0.000908
0.0060150	1892953	2035476	0.000911
0.0060250	1897366	2033711	0.000910
0.0060200	1901778	2033711	0.000914
0.0060050	1906191	2035035	0.000915
0.0060100	1897366	2038565	0.000916
0.0060275	1901778	2044743	0.000916
0.0060275	1897366	2049596	0.000918
0.0059975	1897366	2047831	0.000918
0.0060600	1901778	2047831	0.000922
0.0060625	1906191	2052244	0.000923
0.0060350	1897366	2055774	0.000923
0.0060650	1910603	2061069	0.000921
0.0060575	1897366	2063716	0.000926
0.0060600	1915016	2060627	0.000925
0.0061100	1915016	2058421	0.000931
0.0061425	1919428	2058862	0.000932
0.0061100	1919428	2062392	0.000931
0.0060875	1919428	2066805	0.000930
0.0060850	1910603	2068570	0.000934
0.0061375	1919428	2064157	0.000935
0.0061675	1928253	2062392	0.000940
0.0061375	1932666	2067687	0.000938
0.0061800	1928253	2069894	0.000938
0.0061650	1923841	2077395	0.000938
0.0061850	1919428	2084014	0.000941
0.0061675	1928253	2083131	0.000941
0.0061900	1928253	2083572	0.000946
0.0062050	1923841	2087544	0.000946
0.0062075	1923841	2089309	0.000947
0.0061725	1928253	2098575	0.000946
0.0062050	1932666	2106958	0.000949
0.0062250	1932666	2105193	0.000949
0.0062350	1928253	2108723	0.000954
0.0062425	1941491	2109165	0.000953
0.0062625	1941491	2111812	0.000955
0.0062800	1941491	2116666	0.000952
0.0062850	1941491	2120196	0.000957
0.0062800	1932666	2118872	0.000958
0.0062775	1937078	2118431	0.000963
0.0062800	1950315	2119755	0.000960
0.0063000	1941491	2117548	0.000962
0.0062925	1954728	2122402	0.000960
0.0063525	1950315	2123285	0.000963
0.0062950	1950315	2123726	0.000965
0.0063575	1954728	2123285	0.000972
0.0063150	1954728	2126373	0.000968
0.0063700	1959140	2125932	0.000971
0.0063550	1950315	2129462	0.000969
0.0064050	1963553	2132110	0.000973
0.0063750	1954728	2126373	0.000975
0.0063750	1950315	2126815	0.000976
0.0063875	1950315	2124167	0.000976
0.0063975	1963553	2123285	0.000976
0.0063850	1967965	2119313	0.000976
0.0064525	1959140	2116225	0.000981
0.0064575	1967965	2113577	0.000981
0.0063900	1972378	2111812	0.000984
0.0064350	1963553	2111371	0.000984
0.0064525	1967965	2112253	0.000987
0.0064650	1967965	2112253	0.000985
0.0064450	1967965	2111812	0.000987
0.0064575	1976790	2113136	0.000988
0.0064850	1972378	2112695	0.000989
0.0064800	1972378	2118872	0.000988
0.0065200	1981203	2122402	0.000993
0.0064850	1976790	2121078	0.000993
0.0065250	1985615	2121961	0.000996
0.0065375	1985615	2122843	0.000997
0.0065175	1990028	2123726	0.000996
0.0065100	1976790	2131668	0.000995
0.0065475	1981203	2134757	0.001000
0.0065550	1981203	2134316	0.001000
0.0065525	1981203	2136963	0.001005
0.0065700	1985615	2138728	0.001005
0.0065875	1994440	2142258	0.001003
0.0065800	1976790	2148436	0.001002
0.0066400	1998853	2152407	0.001007
0.0066150	1990028	2151966	0.001006
0.0066300	1994440	2153290	0.001010
0.0066200	1990028	2150201	0.001009
0.0066400	1998853	2150642	0.001011
0.0066100	1990028	2155496	0.001010
0.0066400	1994440	2157702	0.001013
0.0066800	1994440	2158143	0.001015
0.0066550	1990028	2158143	0.001017
0.0066450	1998853	2160791	0.001017
0.0066950	1994440	2163438	0.001019
0.0067050	2003265	2170939	0.001016
0.0067150	2007678	2174911	0.001020
0.0066850	1998853	2178882	0.001023
0.0067150	2003265	2182412	0.001025
0.0067400	2012090	2183294	0.001025
0.0067250	2012090	2185942	0.001027
0.0067425	2016503	2190796	0.001025
0.0067550	2007678	2194767	0.001027
0.0067600	2016503	2193002	0.001026
0.0067550	2012090	2193884	0.001029
0.0067825	2012090	2195649	0.001033
0.0067650	2012090	2196532	0.001030
0.0067550	2025328	2201386	0.001031
0.0067800	2007678	2203592	0.001034
0.0068175	2020915	2204474	0.001035
0.0068700	2020915	2205798	0.001040
0.0068000	2020915	2209769	0.001040
0.0068375	2025328	2211093	0.001039
0.0068325	2029740	2216829	0.001039
0.0068625	2029740	2219035	0.001043
0.0068700	2038565	2213740	0.001044
0.0069075	2038565	2215064	0.001047
0.0068575	2029740	2215947	0.001046
0.0069175	2038565	2216388	0.001048
0.0068475	2029740	2221242	0.001047
0.0069100	2038565	2224772	0.001050
0.0068850	2034153	2220800	0.001051
0.0069175	2042978	2222565	0.001054
0.0068925	2042978	2220800	0.001054
0.0069725	2047390	2223448	0.001052
0.0069250	2038565	2225654	0.001055
0.0069575	2038565	2226537	0.001058
0.0069775	2051802	2227419	0.001057
0.0069975	2051802	2230508	0.001061
0.0069625	2056215	2229625	0.001060
0.0069700	2051802	2229625	0.001062
0.0069475	2051802	2232273	0.001060
0.0070225	2042978	2231832	0.001065
0.0069925	2047390	2238450	0.001065
0.0069850	2038565	2239333	0.001064
0.0069850	2042978	2245952	0.001063
0.0070050	2056215	2249040	0.001069
0.0070350	2047390	2248599	0.001070
0.0070425	2056215	2248158	0.001073
0.0070800	2069452	2250364	0.001072
0.0070125	2060627	2252570	0.001073
0.0070275	2051802	2253012	0.001074
0.0070550	2060627	2254335	0.001077
0.0070675	2051802	2246834	0.001077
0.0070925	2060627	2243304	0.001080
0.0071100	2060627	2242422	0.001082
0.0071275	2069452	2243304	0.001081
0.0071000	2060627	2246834	0.001079
0.0071300	2069452	2248158	0.001084
0.0070925	2051802	2246834	0.001083
0.0071300	2069452	2244187	0.001088
0.0071400	2065040	2247275	0.001088
0.0071700	2078277	2247275	0.001090
0.0071550	2073865	2254777	0.001091
0.0071675	2073865	2260071	0.001091
0.0072100	2073865	2259189	0.001091
0.0072525	2073865	2259189	0.001093
0.0071850	2087102	2259189	0.001095
0.0071925	2082690	2261395	0.001097
0.0072300	2087102	2264484	0.001095
0.0072275	2082690	2267573	0.001100
0.0072275	2078277	2266690	0.001101
0.0072550	2087102	2270220	0.001104
0.0072300	2082690	2271103	0.001102
0.0072675	2082690	2272426	0.001101
0.0072275	2082690	2275956	0.001106
0.0072750	2095927	2277721	0.001106
0.0072825	2095927	2275074	0.001107
0.0073025	2095927	2273309	0.001111
0.0073225	2104752	2275515	0.001111
0.0072775	2091515	2276839	0.001109
0.0072975	2087102	2279928	0.001110
0.0073225	2100340	2280369	0.001116
0.0073450	2104752	2281251	0.001113
0.0073350	2095927	2280810	0.001117
0.0073800	2113577	2283016	0.001118
0.0073400	2091515	2284340	0.001118
0.0073850	2100340	2285664	0.001118
0.0073675	2095927	2288311	0.001123
0.0074025	2113577	2289194	0.001123
0.0073850	2117990	2291400	0.001121
0.0073750	2104752	2290518	0.001124
0.0073500	2109165	2291841	0.001126
0.0073725	2113577	2287429	0.001125
0.0074000	2113577	2288311	0.001129
0.0074475	2113577	2286105	0.001130
0.0074000	2117990	2288753	0.001132
0.0074075	2113577	2292283	0.001128
0.0074725	2117990	2293165	0.001132
0.0074550	2122402	2290076	0.001132
0.0074875	2122402	2287870	0.001137
0.0074525	2117990	2288753	0.001139
0.0074725	2104752	2289194	0.001137
0.0074700	2117990	2292724	0.001136
0.0074825	2122402	2294048	0.001141
0.0074850	2126815	2292283	0.001142
0.0075425	2135640	2288311	0.001145
0.0075525	2140052	2287429	0.001143
0.0075250	2122402	2289635	0.001145
0.0075250	2135640	2294930	0.001147
0.0075625	2126815	2298019	0.001148
0.0075375	2122402	2298019	0.001149
0.0075550	2126815	2298460	0.001153
0.0076225	2144465	2300225	0.001152
0.0075725	2135640	2301108	0.001151
0.0075975	2140052	2302873	0.001150
0.0076075	2140052	2306844	0.001156
0.0076025	2148877	2307285	0.001156
0.0075975	2144465	2304638	0.001160
0.0076150	2144465	2305079	0.001159
0.0076250	2140052	2305961	0.001161
0.0076525	2144465	2310815	0.001159
0.0076675	2144465	2313021	0.001163
0.0076800	2157702	2311697	0.001164
0.0076875	2144465	2310815	0.001167
0.0076800	2148877	2315227	0.001167
0.0077000	2157702	2315669	0.001167
0.0076600	2153290	2318757	0.001167
0.0077100	2148877	2321405	0.001172
0.0077025	2166527	2316992	0.001170
0.0077275	2144465	2316110	0.001173
0.0077650	2157702	2317434	0.001174
0.0077425	2157702	2319199	0.001175
0.0077700	2162114	2324052	0.001174
0.0077625	2166527	2326259	0.001179
0.0077500	2162114	2323170	0.001175
0.0077800	2162114	2324052	0.001182
0.0078025	2162114	2326700	0.001181
0.0077975	2166527	2328465	0.001179
0.0077650	2166527	2335084	0.001182
0.0077925	2162114	2341702	0.001183
0.0078150	2175352	2342585	0.001183
0.0078475	2175352	2342585	0.001186
0.0078400	2175352	2344350	0.001190
0.0078275	2166527	2347880	0.001190
0.0078175	2170939	2350527	0.001186
0.0078175	2175352	2352292	0.001190
0.0078475	2175352	2352292	0.001190
0.0078975	2179764	2354940	0.001195
0.0078875	2170939	2358911	0.001194
0.0078775	2179764	2359793	0.001195
0.0078700	2175352	2357587	0.001197
0.0079075	2175352	2358911	0.001201
0.0078975	2184177	2360235	0.001199
0.0079050	2179764	2360235	0.001201
0.0079325	2184177	2364647	0.001200
0.0079300	2184177	2366853	0.001203
0.0079325	2184177	2367295	0.001203
0.0079550	2188589	2366853	0.001206
0.0079925	2197414	2366853	0.001205
0.0079600	2197414	2366853	0.001208
0.0079600	2193002	2372590	0.001206
0.0079350	2188589	2375678	0.001212
0.0079750	2193002	2375237	0.001209
0.0079925	2197414	2377443	0.001215
0.0080150	2206239	2379208	0.001214
0.0079825	2206239	2381415	0.001217
0.0080450	2197414	2385386	0.001214
0.0080525	2201827	2388475	0.001219
0.0080350	2210652	2387151	0.001218
0.0080675	2215064	2386710	0.001223
0.0080825	2206239	2387151	0.001220
0.0080275	2210652	2385827	0.001221
0.0080475	2206239	2389357	0.001221
0.0080750	2210652	2392005	0.001226
0.0080800	2210652	2388033	0.001226
0.0081475	2215064	2386268	0.001230
0.0080925	2215064	2387151	0.001231
0.0081350	2219477	2390240	0.001229
0.0080950	2215064	2394652	0.001230
0.0081150	2206239	2396417	0.001235
0.0081200	2219477	2394652	0.001235
0.0081375	2210652	2395976	0.001236
0.0081475	2228302	2398623	0.001238
0.0081625	2215064	2400388	0.001237
0.0081400	2219477	2407448	0.001236
0.0081800	2228302	2410537	0.001239
0.0081700	2232714	2409655	0.001240
0.0082100	2232714	2409213	0.001244
0.0082125	2219477	2411419	0.001242
0.0081900	2228302	2414508	0.001244
0.0082175	2232714	2420686	0.001244
0.0082575	2228302	2427304	0.001246
0.0082150	2228302	2425981	0.001246
0.0082425	2237127	2425539	0.001252
0.0082350	2241539	2428187	0.001250
0.0082975	2232714	2431717	0.001252
0.0082475	2241539	2436571	0.001252
0.0082925	2241539	2440983	0.001256
0.0082650	2241539	2439218	0.001255
0.0083100	2228302	2439218	0.001259
0.0083225	2250364	2442748	0.001258
0.0083050	2245952	2441866	0.001260
0.0083325	2237127	2448926	0.001259
0.0083150	2241539	2453779	0.001263
0.0083575	2250364	2454221	0.001263
0.0083575	2250364	2457309	0.001267
0.0083475	2254777	2460839	0.001266
0.0083475	2250364	2462604	0.001266
0.0083700	2250364	2463928	0.001266
0.0084025	2259189	2467017	0.001271
0.0083975	2250364	2469664	0.001270
0.0083725	2245952	2474959	0.001274
0.0084050	2254777	2476724	0.001274
0.0083975	2254777	2476724	0.001275
0.0084100	2259189	2476724	0.001274
0.0083925	2263601	2476724	0.001279
0.0084675	2263601	2478489	0.001277
0.0084525	2263601	2481578	0.001276
0.0084350	2263601	2486432	0.001277
0.0084500	2268014	2489962	0.001281
0.0084325	2272426	2486432	0.001281
0.0084675	2272426	2484225	0.001285
0.0084750	2268014	2483343	0.001285
0.0084825	2263601	2487314	0.001285
0.0084675	2254777	2493933	0.001287
0.0084850	2268014	2498345	0.001291
0.0084925	2272426	2494374	0.001290
0.0085375	2272426	2492609	0.001292
0.0085250	2285664	2495698	0.001293
0.0085275	2276839	2497904	0.001295
0.0085025	2276839	2506729	0.001290
0.0085350	2276839	2512906	0.001295
0.0085225	2276839	2514671	0.001296
0.0086250	2281251	2516878	0.001301
0.0086050	2290076	2517760	0.001300
0.0086050	2285664	2517760	0.001301
0.0085775	2285664	2525261	0.001300
0.0085950	2272426	2529674	0.001302
0.0085925	2294489	2528791	0.001304
0.0086650	2290076	2529674	0.001307
0.0085900	2290076	2529233	0.001307
0.0086275	2290076	2528791	0.001309
0.0086400	2294489	2532321	0.001307
0.0086425	2281251	2534969	0.001312
0.0086525	2303314	2533645	0.001311
0.0087350	2303314	2534086	0.001315
0.0086575	2298901	2537175	0.001316
0.0086475	2290076	2537175	0.001316
0.0087275	2312139	2542911	0.001314
0.0087300	2298901	2547765	0.001317
0.0087100	2303314	2546000	0.001319
0.0087575	2307726	2546883	0.001324
0.0087400	2303314	2547765	0.001325
0.0087600	2312139	2549089	0.001322
0.0087400	2312139	2552178	0.001320
0.0087375	2303314	2555266	0.001327
0.0087675	2312139	2552619	0.001327
0.0087525	2312139	2553943	0.001332
0.0087575	2303314	2552619	0.001331
0.0087400	2320964	2552178	0.001331
0.0087600	2307726	2551736	0.001330
0.0088250	2312139	2551736	0.001338
0.0087850	2307726	2553060	0.001334
0.0087725	2316551	2551295	0.001335
0.0088075	2316551	2556149	0.001335
0.0088325	2312139	2558796	0.001338
0.0088375	2316551	2559679	0.001341
0.0088900	2320964	2561444	0.001342
0.0088350	2320964	2565856	0.001342
0.0089200	2329789	2568504	0.001344
0.0088800	2325376	2575564	0.001343
0.0089050	2325376	2579976	0.001347
0.0089175	2334201	2581741	0.001344
0.0089175	2325376	2585712	0.001348
0.0089100	2329789	2584389	0.001350
0.0088925	2329789	2584830	0.001348
0.0089475	2338614	2588801	0.001348
0.0088925	2325376	2591449	0.001352
0.0089300	2338614	2588360	0.001354
0.0089625	2338614	2585712	0.001357
0.0089675	2334201	2584389	0.001357
0.0089550	2338614	2583065	0.001356
0.0089200	2347439	2585271	0.001355
0.0089625	2329789	2586154	0.001360
0.0090075	2347439	2586154	0.001360
0.0089750	2347439	2584830	0.001364
0.0089900	2347439	2586154	0.001364
0.0089975	2343026	2587036	0.001365
0.0090175	2347439	2591449	0.001365
0.0090400	2343026	2595861	0.001367
0.0090525	2351851	2594979	0.001366
0.0090550	2343026	2598067	0.001372
0.0090825	2356264	2600715	0.001373
0.0090800	2365088	2604245	0.001372
0.0090800	2347439	2607775	0.001373
0.0090775	2369501	2611305	0.001375
0.0090850	2365088	2609099	0.001378
0.0090750	2347439	2609981	0.001381
0.0091200	2369501	2610422	0.001380
0.0091100	2373913	2611746	0.001379
0.0090650	2360676	2617482	0.001379
0.0091675	2378326	2619688	0.001386
0.0091175	2369501	2616600	0.001384
0.0091375	2369501	2613070	0.001386
0.0091300	2378326	2615717	0.001387
0.0091375	2373913	2618365	0.001386
0.0091450	2373913	2625866	0.001388
0.0091725	2369501	2628072	0.001390
0.0092075	2369501	2626748	0.001390
0.0092525	2387151	2628072	0.001395
0.0092050	2378326	2629837	0.001397
0.0091775	2391563	2631161	0.001396
0.0091925	2378326	2634691	0.001393
0.0092025	2387151	2638662	0.001398
0.0092650	2395976	2636015	0.001397
0.0092775	2387151	2635132	0.001405
0.0092975	2391563	2632926	0.001401
0.0092575	2387151	2632926	0.001402
0.0092800	2400388	2633367	0.001401
0.0093175	2391563	2630720	0.001406
0.0092825	2382738	2629837	0.001405
0.0092975	2404801	2630278	0.001410
0.0093325	2404801	2631602	0.001410
0.0092575	2400388	2631602	0.001410
0.0092800	2400388	2631602	0.001410
0.0093400	2400388	2631161	0.001412
0.0093475	2400388	2635573	0.001413
0.0093675	2400388	2638662	0.001414
0.0093425	2400388	2643957	0.001414
0.0093525	2387151	2651017	0.001419
0.0093650	2409213	2650135	0.001416
0.0093800	2404801	2648370	0.001424
0.0094125	2409213	2650576	0.001420
0.0093925	2404801	2654106	0.001422
0.0093575	2400388	2659401	0.001421
0.0094100	2413626	2663813	0.001424
0.0094275	2422451	2658960	0.001426
0.0094200	2409213	2657636	0.001429
0.0094150	2413626	2659401	0.001429
0.0094650	2422451	2657636	0.001426
0.0094750	2418038	2662048	0.001427
0.0094525	2409213	2665137	0.001431
0.0094525	2422451	2661607	0.001430
0.0095300	2418038	2658077	0.001436
0.0094900	2422451	2659842	0.001435
0.0094350	2418038	2661607	0.001434
0.0094975	2422451	2669108	0.001436
0.0095500	2409213	2671314	0.001441
0.0095400	2426863	2667343	0.001438
0.0095150	2426863	2668667	0.001444
0.0095200	2440101	2668667	0.001445
0.0095775	2440101	2669108	0.001443
0.0095600	2431276	2674844	0.001444
0.0095400	2426863	2680581	0.001448
0.0096100	2444513	2677933	0.001447
0.0096050	2444513	2677933	0.001451
0.0095925	2440101	2675286	0.001448
0.0095600	2440101	2676168	0.001452
0.0095900	2440101	2681463	0.001451
0.0096400	2435688	2682346	0.001453
0.0096000	2444513	2681463	0.001454
0.0096125	2444513	2684552	0.001458
0.0096650	2444513	2686317	0.001457
0.0096275	2453338	2685876	0.001459
0.0095975	2444513	2689847	0.001458
0.0096925	2453338	2690729	0.001463
0.0096450	2440101	2691612	0.001460
0.0096875	2448926	2691612	0.001464
0.0096775	2462163	2693377	0.001467
0.0097225	2457751	2695142	0.001464
0.0096475	2453338	2696466	0.001467
0.0097075	2457751	2698672	0.001468
0.0096825	2453338	2699113	0.001470
0.0097825	2453338	2702643	0.001474
0.0097575	2453338	2703526	0.001472
0.0097175	2453338	2705732	0.001472
0.0097650	2457751	2705291	0.001475
0.0097325	2462163	2705291	0.001476
0.0097700	2470988	2706614	0.001479
0.0097725	2470988	2707056	0.001477
0.0097625	2466575	2712351	0.001477
0.0098050	2462163	2713674	0.001482
0.0097975	2470988	2711909	0.001481
0.0098200	2470988	2710144	0.001484
0.0098725	2470988	2714998	0.001484
0.0097875	2462163	2715881	0.001486
0.0098150	2479813	2722058	0.001485
0.0098350	2466575	2726470	0.001490
0.0098325	2484225	2724705	0.001491
0.0098875	2479813	2724705	0.001493
0.0098500	2479813	2726912	0.001493
0.0098625	2479813	2728677	0.001492
0.0098850	2479813	2734854	0.001494
0.0098675	2479813	2740149	0.001494
0.0098975	2484225	2736178	0.001496
0.0099325	2488638	2734854	0.001501
0.0099125	2488638	2734413	0.001499
0.0099075	2484225	2736178	0.001501
0.0099475	2484225	2737060	0.001499
0.0099225	2488638	2737060	0.001504
0.0098800	2493050	2732207	0.001505
0.0099675	2497463	2729559	0.001508
0.0099625	2501875	2730000	0.001507
0.0099750	2497463	2729118	0.001510
0.0099550	2493050	2733089	0.001510
0.0099850	2488638	2733972	0.001514
0.0100100	2506288	2731765	0.001511
0.0100475	2501875	2730442	0.001517
0.0100100	2501875	2733089	0.001516
0.0100175	2497463	2736619	0.001518
0.0100175	2501875	2740149	0.001516
0.0099925	2497463	2742797	0.001518
0.0100525	2506288	2737060	0.001520
0.0100525	2501875	2733530	0.001523
0.0100925	2515113	2734413	0.001525
0.0100675	2506288	2736619	0.001523
0.0100700	2510700	2737943	0.001525
0.0100625	2501875	2739708	0.001527
0.0100775	2501875	2734854	0.001528
0.0100925	2506288	2733089	0.001531
0.0101275	2519525	2734854	0.001532
0.0100975	2515113	2736619	0.001532
0.0101450	2515113	2738384	0.001532
0.0101475	2519525	2740149	0.001535
0.0101675	2510700	2733530	0.001535
0.0101425	2515113	2730442	0.001540
0.0102000	2532763	2733972	0.001540
0.0101800	2519525	2732648	0.001541
0.0101575	2528350	2735737	0.001539
0.0101800	2519525	2736619	0.001542
0.0101775	2532763	2736619	0.001541
0.0102400	2537175	2737502	0.001548
0.0102150	2532763	2740590	0.001547
0.0102125	2532763	2743238	0.001547
0.0102475	2523938	2747209	0.001547
0.0102600	2532763	2750298	0.001551
0.0102300	2541588	2747650	0.001551
0.0102600	2537175	2749857	0.001550
0.0102800	2537175	2752945	0.001550
0.0102200	2532763	2754269	0.001555
0.0102950	2550413	2752504	0.001555
0.0102525	2541588	2750298	0.001560
0.0103175	2541588	2752504	0.001558
0.0102900	2537175	2754269	0.001561
0.0102675	2546000	2757358	0.001560
0.0103525	2541588	2757799	0.001562
0.0103175	2546000	2756917	0.001562
0.0103400	2541588	2755593	0.001566
0.0103325	2554825	2755593	0.001566
0.0103375	2554825	2755593	0.001567
0.0103150	2563650	2758682	0.001565
0.0103600	2554825	2761770	0.001568
0.0103450	2550413	2757799	0.001569
0.0104150	2568062	2756475	0.001575
0.0104050	2568062	2759123	0.001575
0.0103900	2554825	2761770	0.001574
0.0104175	2563650	2766183	0.001573
0.0104125	2550413	2770154	0.001578
0.0104100	2559238	2767948	0.001579
0.0104475	2559238	2769271	0.001582
0.0104800	2563650	2769271	0.001579
0.0104475	2568062	2767507	0.001580
0.0104425	2568062	2771478	0.001578
0.0104625	2563650	2771478	0.001585
0.0104550	2572475	2765742	0.001584
0.0105100	2568062	2764859	0.001590
0.0104800	2576887	2766183	0.001589
0.0104475	2576887	2763977	0.001589
0.0104750	2572475	2768830	0.001589
0.0105050	2563650	2768389	0.001592
0.0105300	2576887	2766183	0.001593
0.0105675	2585712	2765300	0.001597
0.0105325	2585712	2766183	0.001597
0.0104725	2590125	2769271	0.001597
0.0105150	2572475	2774125	0.001598
0.0105750	2581300	2777214	0.001600
0.0106150	2590125	2775449	0.001600
0.0106175	2585712	2776331	0.001605
0.0105875	2590125	2776773	0.001603
0.0105675	2598950	2779420	0.001605
0.0106100	2585712	2785156	0.001606
0.0106225	2585712	2790010	0.001607
0.0106300	2590125	2789128	0.001608
0.0106550	2590125	2787363	0.001612
0.0106375	2590125	2790010	0.001612
0.0106425	2594537	2790893	0.001612
0.0106325	2590125	2793981	0.001612
0.0107000	2598950	2797511	0.001615
0.0106975	2594537	2795746	0.001615
0.0107025	2607775	2793981	0.001619
0.0106575	2607775	2793981	0.001621
0.0106800	2607775	2794864	0.001619
0.0106725	2607775	2794423	0.001620
0.0107450	2607775	2795305	0.001625
0.0107275	2612187	2797070	0.001625
0.0107525	2607775	2799718	0.001626
0.0107400	2616600	2799718	0.001630
0.0107900	2607775	2798394	0.001626
0.0107225	2607775	2799276	0.001628
0.0108200	2612187	2800159	0.001630
0.0107425	2616600	2798835	0.001629
0.0107650	2612187	2798394	0.001632
0.0107775	2612187	2800159	0.001632
0.0107975	2625425	2799276	0.001638
0.0108150	2625425	2794864	0.001634
0.0108175	2616600	2790451	0.001639
0.0108425	2625425	2793099	0.001638
0.0108150	2629837	2796188	0.001638
0.0108700	2621012	2797953	0.001639
0.0108425	2612187	2797953	0.001641
0.0108850	2629837	2796629	0.001642
0.0108825	2629837	2794864	0.001646
0.0108900	2643075	2797953	0.001647
0.0108725	2634250	2802806	0.001646
0.0108725	2634250	2805895	0.001645
0.0109150	2638662	2810749	0.001651
0.0108775	2629837	2805013	0.001652
0.0109350	2638662	2801041	0.001653
0.0109150	2634250	2801924	0.001653
0.0108675	2629837	2804571	0.001653
0.0109075	2638662	2805454	0.001654
0.0109575	2643075	2807660	0.001660
0.0109500	2638662	2803689	0.001656
0.0109925	2643075	2801924	0.001660
0.0109975	2647487	2804571	0.001661
0.0109775	2643075	2804130	0.001660
0.0110050	2643075	2809425	0.001661
0.0109975	2647487	2811631	0.001666
0.0110125	2651900	2812514	0.001665
0.0110250	2647487	2812955	0.001669
0.0110025	2643075	2818691	0.001667
0.0110600	2647487	2820897	0.001669
0.0110325	2647487	2825310	0.001670
0.0110375	2656312	2827957	0.001674
0.0110350	2651900	2824427	0.001674
0.0110775	2651900	2823986	0.001678
0.0110575	2665137	2823545	0.001677
0.0110875	2665137	2825751	0.001677
0.0110775	2660725	2826634	0.001678
0.0110800	2656312	2829281	0.001679
0.0111100	2669549	2822221	0.001679
0.0111550	2669549	2820456	0.001684
0.0110950	2669549	2820897	0.001685
0.0111000	2665137	2821780	0.001683
0.0111275	2678374	2823986	0.001682
0.0111725	2665137	2826192	0.001688
0.0111300	2669549	2829281	0.001687
0.0112200	2673962	2829722	0.001691
0.0111725	2678374	2835017	0.001695
0.0111775	2673962	2835900	0.001691
0.0111325	2682787	2840754	0.001693
0.0111825	2682787	2843842	0.001693
0.0112125	2682787	2847372	0.001694
0.0112050	2678374	2847814	0.001693
0.0111475	2682787	2853550	0.001695
0.0112650	2687199	2855315	0.001698
0.0112475	2691612	2853991	0.001698
0.0112475	2691612	2855756	0.001703
0.0112400	2682787	2853550	0.001701
0.0112375	2691612	2855315	0.001703
0.0112250	2682787	2859286	0.001700
0.0112725	2687199	2861051	0.001707
0.0112525	2691612	2860169	0.001708
0.0112950	2700437	2861051	0.001709
0.0113225	2696024	2860610	0.001710
0.0113175	2704849	2861051	0.001708
0.0112900	2691612	2865022	0.001710
0.0113150	2691612	2867670	0.001715
0.0113125	2704849	2868994	0.001714
0.0113725	2691612	2870317	0.001718
0.0113425	2713674	2874730	0.001720
0.0113225	2700437	2876936	0.001719
0.0113500	2700437	2878701	0.001718
0.0113900	2713674	2881348	0.001721
0.0113875	2709262	2877818	0.001723
0.0114150	2704849	2877377	0.001729
0.0113975	2704849	2879583	0.001725
0.0114050	2709262	2881348	0.001726
0.0114075	2722499	2883996	0.001725
0.0114225	2713674	2885320	0.001730
0.0114100	2722499	2880466	0.001730
0.0114550	2713674	2878260	0.001735
0.0114575	2722499	2881790	0.001731
0.0114675	2718087	2883113	0.001733
0.0114750	2722499	2890173	0.001735
0.0114650	2726912	2895468	0.001740
0.0114825	2722499	2891938	0.001736
0.0114925	2731324	2891056	0.001739
0.0115350	2731324	2892380	0.001741
0.0115050	2726912	2890615	0.001742
0.0115150	2726912	2894145	0.001742
0.0115350	2731324	2894586	0.001745
0.0115250	2731324	2889732	0.001744
0.0115350	2731324	2887967	0.001747
0.0115600	2731324	2887085	0.001748
0.0115550	2731324	2885320	0.001747
0.0115625	2731324	2887967	0.001746
0.0115750	2722499	2889291	0.001752
0.0115725	2735737	2884437	0.001752
0.0116000	2731324	2884878	0.001758
0.0116050	2744562	2884437	0.001758
0.0116000	2744562	2889291	0.001755
0.0116150	2744562	2890173	0.001756
0.0116625	2740149	2890173	0.001758
0.0116425	2744562	2888850	0.001757
0.0116650	2748974	2887967	0.001761
0.0116825	2762212	2887967	0.001762
0.0116675	2757799	2886202	0.001760
0.0116725	2762212	2885320	0.001761
0.0116750	2748974	2885761	0.001765
0.0116900	2757799	2887967	0.001764
0.0116900	2757799	2886643	0.001765
0.0116775	2757799	2889732	0.001765
0.0117350	2753387	2892380	0.001770
0.0117475	2757799	2889291	0.001770
0.0117050	2753387	2887967	0.001774
0.0117125	2762212	2888850	0.001774
0.0117475	2766624	2888850	0.001774
0.0117475	2757799	2891497	0.001772
0.0117300	2748974	2890615	0.001778
0.0117550	2766624	2880907	0.001775
0.0117675	2762212	2876053	0.001781
0.0117775	2766624	2874730	0.001782
0.0118050	2766624	2871641	0.001780
0.0117675	2766624	2875612	0.001780
0.0118000	2775449	2876495	0.001784
0.0118050	2766624	2871641	0.001783
0.0118450	2771036	2869876	0.001788
0.0118425	2775449	2870759	0.001792
0.0118750	2771036	2872082	0.001787
0.0118275	2771036	2878701	0.001786
0.0118350	2779861	2879142	0.001790
0.0118475	2771036	2877818	0.001790
0.0118850	2775449	2878260	0.001795
0.0118825	2779861	2876495	0.001796
0.0118775	2775449	2878260	0.001796
0.0119000	2784274	2882672	0.001796
0.0118800	2779861	2885320	0.001798
0.0119125	2784274	2883113	0.001798
0.0119375	2788686	2883113	0.001805
0.0119425	2784274	2884437	0.001805
0.0119400	2784274	2887526	0.001804
0.0119475	2793099	2890173	0.001802
0.0119900	2788686	2891497	0.001806
0.0119750	2793099	2890173	0.001807
0.0119550	2788686	2889732	0.001810
0.0120100	2801924	2892821	0.001809
0.0119900	2797511	2893262	0.001811
0.0119650	2797511	2897233	0.001812
0.0120050	2797511	2899440	0.001813
0.0119500	2797511	2897233	0.001814
0.0120625	2801924	2895910	0.001818
0.0120525	2806336	2895910	0.001818
0.0120625	2797511	2897675	0.001817
0.0120600	2806336	2900763	0.001817
0.0120675	2806336	2899440	0.001820
0.0120225	2806336	2894145	0.001820
0.0121000	2810749	2893703	0.001825
0.0120900	2806336	2894586	0.001824
0.0120775	2815161	2893703	0.001824
0.0120650	2810749	2895910	0.001826
0.0121300	2806336	2896792	0.001830
0.0120650	2806336	2894586	0.001830
0.0121150	2823986	2891938	0.001832
0.0121650	2823986	2893262	0.001832
0.0121525	2819574	2893703	0.001832
0.0121875	2828399	2895468	0.001833
0.0121525	2819574	2895910	0.001837
0.0121550	2823986	2896792	0.001836
0.0122025	2823986	2897233	0.001840
0.0121975	2819574	2898557	0.001839
0.0121850	2823986	2898116	0.001843
0.0122175	2837224	2898998	0.001839
0.0122400	2828399	2899881	0.001843
0.0122425	2841636	2901646	0.001843
0.0122700	2832811	2905176	0.001843
0.0122050	2832811	2909588	0.001843
0.0121975	2819574	2911795	0.001846
0.0122275	2828399	2909147	0.001846
0.0122300	2823986	2908706	0.001850
0.0122675	2832811	2907823	0.001849
0.0123100	2841636	2910471	0.001849
0.0122950	2841636	2911353	0.001849
0.0122725	2832811	2911353	0.001856
0.0123175	2841636	2906941	0.001852
0.0123200	2846049	2902970	0.001859
0.0123000	2841636	2901646	0.001860
0.0123275	2850461	2900322	0.001858
0.0123550	2846049	2902087	0.001857
0.0123325	2837224	2902970	0.001861
0.0123525	2846049	2899881	0.001861
0.0123700	2850461	2898557	0.001871
0.0123925	2850461	2901646	0.001864
0.0123800	2863699	2903411	0.001865
0.0123675	2846049	2907382	0.001867
0.0123775	2850461	2909588	0.001870
0.0124075	2854874	2905617	0.001871
0.0124150	2854874	2906500	0.001874
0.0124200	2859286	2909147	0.001874
0.0123775	2846049	2911353	0.001875
0.0124175	2859286	2914442	0.001872
0.0124225	2854874	2916207	0.001878
0.0124375	2859286	2911353	0.001880
0.0125175	2868111	2910471	0.001882
0.0124475	2863699	2909588	0.001884
0.0124525	2868111	2910912	0.001881
0.0124500	2863699	2916207	0.001882
0.0124775	2859286	2917531	0.001885
0.0124900	2876936	2913118	0.001886
0.0125150	2868111	2909588	0.001891
0.0125425	2881348	2912677	0.001888
0.0125150	2885761	2913118	0.001890
0.0125250	2863699	2917090	0.001889
0.0125375	2863699	2915766	0.001892
0.0125325	2872523	2911795	0.001890
0.0125800	2872523	2913118	0.001898
0.0125775	2885761	2914442	0.001897
0.0125775	2881348	2916648	0.001897
0.0125275	2881348	2917531	0.001896
0.0126075	2876936	2921061	0.001901
0.0126100	2876936	2921943	0.001899
0.0126050	2890173	2924591	0.001905
0.0126475	2885761	2922385	0.001901
0.0126150	2885761	2923708	0.001906
0.0126200	2898998	2925473	0.001904
0.0126400	2876936	2922826	0.001908
0.0126475	2890173	2921061	0.001907
0.0126450	2885761	2918413	0.001908
0.0126775	2898998	2920178	0.001907
0.0126400	2890173	2919296	0.001911
0.0126800	2894586	2914001	0.001911
0.0127075	2898998	2911795	0.001914
0.0127025	2903411	2916648	0.001913
0.0126850	2903411	2919737	0.001915
0.0127025	2903411	2925032	0.001915
0.0127425	2907823	2927679	0.001917
0.0126975	2907823	2925914	0.001921
0.0127850	2903411	2925914	0.001922
0.0127650	2912236	2929444	0.001922
0.0127275	2903411	2931651	0.001922
0.0127575	2898998	2937828	0.001923
0.0127850	2912236	2939152	0.001927
0.0127400	2912236	2934298	0.001924
0.0127900	2929886	2934298	0.001929
0.0128225	2912236	2932974	0.001930
0.0128050	2916648	2935181	0.001931
0.0128175	2921061	2938269	0.001930
0.0128175	2916648	2940476	0.001932
0.0127925	2907823	2936946	0.001934
0.0128550	2921061	2936504	0.001935
0.0128500	2916648	2937387	0.001936
0.0128475	2934298	2937387	0.001937
0.0128250	2934298	2943564	0.001935
0.0128800	2934298	2947094	0.001942
0.0128650	2934298	2946653	0.001940
0.0128750	2934298	2947094	0.001944
0.0129025	2929886	2948859	0.001944
0.0128900	2925473	2950624	0.001943
0.0128850	2925473	2957243	0.001943
0.0129300	2938711	2960332	0.001949
0.0129150	2938711	2959891	0.001948
0.0129400	2934298	2962538	0.001952
0.0129575	2938711	2963862	0.001951
0.0129675	2938711	2965627	0.001952
0.0129475	2934298	2970039	0.001949
0.0129625	2938711	2970922	0.001956
0.0129900	2943123	2970922	0.001956
0.0129775	2943123	2970481	0.001956
0.0129700	2934298	2971363	0.001956
0.0129750	2951948	2973569	0.001959
0.0129900	2947536	2976658	0.001957
0.0129900	2934298	2975775	0.001962
0.0130150	2943123	2971804	0.001961
0.0130525	2951948	2966068	0.001968
0.0130175	2947536	2966068	0.001966
0.0130125	2951948	2965627	0.001966
0.0130425	2951948	2963421	0.001966
0.0130675	2951948	2962538	0.001968
0.0130825	2965186	2959449	0.001968
0.0131525	2965186	2955919	0.001974
0.0130800	2956361	2952389	0.001972
0.0130675	2960773	2951507	0.001972
0.0130900	2956361	2948859	0.001971
0.0130975	2960773	2950624	0.001977
0.0131200	2960773	2950183	0.001976
0.0131225	2974011	2950183	0.001976
0.0131025	2951948	2954596	0.001977
0.0131425	2960773	2954596	0.001980
0.0131525	2969598	2951066	0.001978
0.0131550	2956361	2948418	0.001983
0.0131950	2974011	2952389	0.001982
0.0131700	2960773	2954596	0.001984
0.0131550	2969598	2959449	0.001984
0.0131925	2978423	2959449	0.001986
0.0132275	2978423	2955478	0.001987
0.0132225	2978423	2954596	0.001990
0.0132175	2974011	2954596	0.001990
0.0132250	2974011	2956802	0.001992
0.0132175	2987248	2958126	0.001990
0.0132500	2982835	2960773	0.001994
0.0132500	2978423	2955478	0.001994
0.0132575	2982835	2951948	0.001997
0.0133100	2987248	2951066	0.001997
0.0133125	2978423	2951507	0.001997
0.0132650	2987248	2955037	0.001998
0.0133275	2991660	2955037	0.001998
0.0132775	2978423	2951066	0.002000
0.0133200	2991660	2950624	0.002004
0.0133075	2991660	2953713	0.002004
0.0133250	2991660	2955478	0.002005
0.0133300	2996073	2959008	0.002003
0.0133550	2982835	2960773	0.002009
0.0133625	2987248	2960332	0.002007
0.0133800	2996073	2961214	0.002011
0.0133900	2991660	2962538	0.002010
0.0133825	2991660	2966068	0.002010
0.0133800	2996073	2970922	0.002010
0.0133800	2991660	2972687	0.002013
0.0133825	3004898	2970039	0.002012
0.0134175	3018135	2968716	0.002017
0.0134475	3004898	2969157	0.002016
0.0134375	3000485	2973569	0.002017
0.0133900	3000485	2977099	0.002017
0.0134475	3004898	2979747	0.002024
0.0134900	3004898	2979305	0.002019
0.0134650	3004898	2976217	0.002024
0.0134725	3009310	2976658	0.002024
0.0135200	3009310	2977540	0.002024
0.0134775	3013723	2985042	0.002025
0.0135225	3004898	2988130	0.002028
0.0135075	3013723	2985042	0.002027
0.0135075	3013723	2984600	0.002032
0.0135125	3004898	2988572	0.002031
0.0135000	3013723	2991660	0.002030
0.0135375	3018135	2995632	0.002031
0.0135275	3022548	3000044	0.002035
0.0135475	3013723	2999162	0.002036
0.0135950	3018135	3000044	0.002040
0.0135625	3031373	3001809	0.002039
0.0135975	3026960	3004015	0.002037
0.0135500	3022548	3008428	0.002037
0.0136025	3009310	3008869	0.002041
0.0135875	3031373	3007545	0.002040
0.0136525	3022548	3004457	0.002045
0.0136525	3031373	3002692	0.002044
0.0136175	3031373	3003133	0.002045
0.0136200	3035785	3003574	0.002044
0.0136325	3040198	3003133	0.002047
0.0136275	3031373	3001809	0.002048
0.0136500	3035785	3001809	0.002045
0.0136975	3035785	3005339	0.002049
0.0136650	3031373	3006222	0.002052
0.0136800	3035785	3004015	0.002053
0.0137150	3035785	3003133	0.002056
0.0137300	3044610	3005780	0.002054
0.0136825	3044610	3006663	0.002055
0.0136650	3040198	3006663	0.002055
0.0137250	3040198	3007545	0.002057
0.0137325	3053435	3001368	0.002058
0.0137575	3049023	2996955	0.002061
0.0137625	3044610	2994749	0.002058
0.0137675	3044610	2996514	0.002062
0.0137825	3053435	2999603	0.002060
0.0137900	3062260	3003133	0.002067
0.0137950	3049023	2998279	0.002065
0.0138300	3057848	2995632	0.002068
0.0137550	3053435	2996955	0.002067
0.0138050	3062260	2999162	0.002066
0.0138000	3062260	3005780	0.002066
0.0138250	3062260	3011075	0.002072
0.0138275	3071085	3009310	0.002073
0.0138525	3062260	3006663	0.002075
0.0138325	3066673	3008428	0.002074
0.0138525	3062260	3009310	0.002075
0.0138725	3062260	3012840	0.002075
0.0138800	3057848	3017253	0.002077
0.0138825	3062260	3016370	0.002078
0.0138900	3071085	3015488	0.002082
0.0138925	3075498	3015929	0.002081
0.0138650	3071085	3017694	0.002080
0.0139050	3075498	3019900	0.002083
0.0139175	3075498	3022107	0.002084
0.0139675	3075498	3018135	0.002086
0.0139550	3075498	3017694	0.002089
0.0139300	3071085	3017694	0.002088
0.0139400	3084322	3017253	0.002089
0.0140025	3084322	3022107	0.002088
0.0139475	3084322	3024313	0.002093
0.0139600	3079910	3022548	0.002090
0.0139925	3075498	3021224	0.002095
0.0140425	3084322	3005339	0.002095
0.0139850	3093147	2987248	0.002097
0.0140250	3084322	2969598	0.002095
0.0140350	3088735	2953272	0.002099
0.0140150	3088735	2951066	0.002100
0.0140325	3084322	2945329	0.002102
0.0140125	3101972	2945771	0.002103
0.0140300	3084322	2944888	0.002103
0.0140350	3093147	2944006	0.002103
0.0140600	3093147	2944447	0.002107
0.0141350	3097560	2966509	0.002105
0.0140825	3084322	2989895	0.002106
0.0140925	3097560	3013723	0.002106
0.0140925	3084322	3032255	0.002110
0.0141075	3097560	3034903	0.002108
0.0141275	3093147	3040639	0.002113
0.0141550	3101972	3040198	0.002112
0.0141175	3101972	3043728	0.002113
0.0140950	3093147	3046375	0.002110
0.0141300	3097560	3046816	0.002115
0.0141750	3097560	3040198	0.002113
0.0141800	3101972	3034903	0.002119
0.0141725	3106385	3032696	0.002117
0.0141850	3106385	3030049	0.002117
0.0141775	3106385	3032255	0.002119
0.0142325	3106385	3030931	0.002121
0.0141875	3101972	3028725	0.002120
0.0141975	3106385	3024754	0.002124
0.0142275	3110797	3024754	0.002123
0.0142000	3115210	3021665	0.002125
0.0142100	3110797	3023430	0.002124
0.0142975	3124035	3022989	0.002128
0.0142575	3110797	3018135	0.002127
0.0142900	3115210	3019018	0.002132
0.0142775	3110797	3018135	0.002132
0.0142550	3124035	3019018	0.002131
0.0143125	3119622	3019018	0.002131
0.0143075	3110797	3018135	0.002134
0.0143500	3119622	3015488	0.002134
0.0143400	3124035	3015929	0.002136
0.0143650	3128447	3018135	0.002135
0.0143525	3128447	3019900	0.002135
0.0143025	3124035	3025195	0.002137
0.0143875	3128447	3027401	0.002140
0.0143575	3137272	3026078	0.002143
0.0143875	3124035	3024313	0.002143
0.0143900	3128447	3026960	0.002143
0.0143775	3128447	3029166	0.002141
0.0144225	3128447	3030490	0.002144
0.0143950	3137272	3030931	0.002148
0.0143900	3137272	3024313	0.002146
0.0144275	3132860	3022107	0.002151
0.0144575	3141685	3024313	0.002149
0.0143950	3141685	3022548	0.002151
0.0144050	3141685	3026960	0.002148
0.0144350	3137272	3029608	0.002151
0.0145200	3137272	3026519	0.002153
0.0144975	3137272	3026078	0.002155
0.0144800	3146097	3032255	0.002157
0.0144975	3146097	3034461	0.002156
0.0144925	3150510	3041963	0.002156
0.0145275	3146097	3046375	0.002160
0.0145325	3150510	3043286	0.002159
0.0145200	3150510	3043728	0.002160
0.0145400	3146097	3043728	0.002164
0.0145150	3146097	3044169	0.002162
0.0145525	3159335	3045934	0.002163
0.0145350	3146097	3046816	0.002165
0.0145800	3154922	3045934	0.002165
0.0146150	3159335	3049023	0.002168
0.0146050	3163747	3052111	0.002169
0.0145800	3150510	3053876	0.002166
0.0146225	3154922	3055641	0.002167
0.0146300	3163747	3058289	0.002172
0.0145850	3159335	3059171	0.002169
0.0146400	3159335	3061378	0.002170
0.0145525	3154922	3064908	0.002174
0.0146050	3168160	3067555	0.002176
0.0146275	3172572	3066231	0.002175
0.0146300	3159335	3067555	0.002179
0.0146350	3159335	3068438	0.002179
0.0146350	3163747	3070203	0.002181
0.0146925	3163747	3075939	0.002178
0.0147025	3172572	3078145	0.002182
0.0147050	3168160	3077262	0.002181
0.0146650	3168160	3078145	0.002186
0.0147150	3168160	3082557	0.002185
0.0147650	3172572	3085646	0.002184
0.0147000	3181397	3088735	0.002185
0.0147025	3163747	3090500	0.002188
0.0147225	3168160	3085646	0.002189
0.0147800	3176985	3086087	0.002190
0.0147475	3172572	3085205	0.002189
0.0147625	3176985	3088294	0.002191
0.0147575	3181397	3092265	0.002194
0.0147550	3176985	3095795	0.002194
0.0147525	3172572	3092265	0.002194
0.0148100	3181397	3090500	0.002199
0.0147800	3172572	3093147	0.002198
0.0147925	3185809	3094471	0.002197
0.0148150	3190222	3101531	0.002196
0.0148425	3185809	3103296	0.002202
0.0148050	3190222	3103296	0.002203
0.0148550	3185809	3101531	0.002204
0.0148475	3185809	3104620	0.002203
0.0148425	3203459	3106385	0.002204
0.0148700	3194634	3105944	0.002206
0.0148875	3185809	3104620	0.002207
0.0148625	3194634	3097119	0.002205
0.0149100	3194634	3093147	0.002209
0.0149100	3199047	3094912	0.002211
0.0149050	3199047	3095795	0.002210
0.0148900	3190222	3099325	0.002209
0.0149600	3203459	3102414	0.002213
0.0149000	3207872	3097560	0.002214
0.0149525	3203459	3095354	0.002218
0.0149400	3199047	3100649	0.002218
0.0149575	3203459	3106385	0.002217
0.0149900	3212284	3113004	0.002216
0.0149750	3207872	3115651	0.002219
0.0149950	3203459	3110797	0.002220
0.0150550	3207872	3108591	0.002224
0.0149975	3203459	3110356	0.002224
0.0149900	3207872	3110797	0.002223
0.0149975	3207872	3112562	0.002224
0.0150525	3207872	3113886	0.002225
0.0150650	3212284	3115651	0.002224
0.0150925	3212284	3114327	0.002229
0.0150775	3207872	3117857	0.002227
0.0150350	3207872	3120946	0.002232
0.0150475	3207872	3122270	0.002229
0.0150925	3216697	3124035	0.002233
0.0151050	3212284	3123152	0.002232
0.0150850	3225522	3125800	0.002232
0.0151050	3216697	3126682	0.002232
0.0151050	3225522	3127565	0.002236
0.0151225	3225522	3122711	0.002233
0.0151175	3225522	3122711	0.002239
0.0151900	3229934	3122270	0.002239
0.0151400	3225522	3123152	0.002239
0.0151050	3229934	3127565	0.002239
0.0151525	3234347	3130212	0.002243
0.0151850	3234347	3128447	0.002241
0.0151725	3229934	3124476	0.002248
0.0151575	3229934	3129330	0.002246
0.0151600	3243172	3131536	0.002247
0.0151875	3234347	3135507	0.002243
0.0152200	3238759	3138596	0.002248
0.0152450	3229934	3135066	0.002249
0.0152175	3234347	3133301	0.002252
0.0152175	3225522	3135507	0.002253
0.0151825	3234347	3138155	0.002251
0.0152475	3238759	3140361	0.002251
0.0152775	3238759	3141685	0.002256
0.0152725	3243172	3136390	0.002255
0.0152725	3247584	3134183	0.002262
0.0152725	3247584	3135066	0.002258
0.0152650	3238759	3133742	0.002259
0.0153025	3243172	3138155	0.002258
0.0152800	3247584	3139478	0.002262
0.0153050	3247584	3135066	0.002261
0.0153475	3256409	3129771	0.002265
0.0153425	3251997	3131536	0.002264
0.0153550	3251997	3131536	0.002264
0.0153575	3256409	3133742	0.002263
0.0153600	3251997	3133742	0.002267
0.0153525	3256409	3130212	0.002268
0.0153850	3265234	3128006	0.002272
0.0154175	3260822	3127124	0.002271
0.0153875	3256409	3126241	0.002271
0.0153950	3265234	3127124	0.002270
0.0154275	3260822	3128006	0.002274
0.0153975	3256409	3122711	0.002273
0.0154325	3256409	3121387	0.002279
0.0154325	3269647	3118299	0.002276
0.0154225	3256409	3114769	0.002277
0.0154200	3260822	3112121	0.002276
0.0154825	3269647	3110797	0.002280
0.0154550	3274059	3108591	0.002280
0.0154800	3269647	3108150	0.002285
0.0154650	3274059	3102414	0.002282
0.0155275	3274059	3095354	0.002283
0.0155000	3265234	3085646	0.002285
0.0154925	3274059	3075498	0.002286
0.0155475	3265234	3078145	0.002286
0.0155300	3278472	3080351	0.002285
0.0155650	3282884	3085205	0.002286
0.0155725	3274059	3087411	0.002287
0.0155550	3282884	3086087	0.002290
0.0155950	3287296	3087411	0.002292
0.0155800	3282884	3077262	0.002293
0.0155675	3287296	3071085	0.002291
0.0155500	3274059	3082557	0.002293
0.0156050	3287296	3091824	0.002296
0.0156175	3287296	3087411	0.002294
0.0155925	3282884	3086087	0.002297
0.0156050	3291709	3085205	0.002297
0.0156050	3291709	3087852	0.002301
0.0155700	3287296	3089617	0.002298
0.0156300	3287296	3090059	0.002304
0.0156975	3282884	3102855	0.002301
0.0156550	3278472	3114769	0.002306
0.0156525	3296121	3116975	0.002307
0.0156775	3300534	3119622	0.002306
0.0156925	3300534	3122711	0.002304
0.0156600	3287296	3125359	0.002309
0.0156475	3291709	3123152	0.002309
0.0157450	3296121	3120064	0.002312
0.0157100	3309359	3120064	0.002311
0.0157050	3291709	3120505	0.002310
0.0157450	3296121	3124035	0.002313
0.0157475	3296121	3124917	0.002316
0.0157675	3300534	3120505	0.002312
0.0157200	3300534	3118740	0.002318
0.0157825	3296121	3117857	0.002316
0.0157625	3309359	3119622	0.002320
0.0157800	3304946	3116092	0.002316
0.0158025	3318184	3110797	0.002321
0.0157625	3313771	3101090	0.002321
0.0158050	3304946	3094030	0.002325
0.0157725	3309359	3093589	0.002326
0.0158050	3309359	3092706	0.002324
0.0158075	3304946	3095354	0.002326
0.0158400	3309359	3095354	0.002330
0.0158225	3300534	3093147	0.002327
0.0158600	3313771	3088294	0.002330
0.0158675	3322596	3093147	0.002331
0.0158250	3322596	3098884	0.002331
0.0158650	3322596	3108591	0.002328
0.0158700	3322596	3111239	0.002334
0.0159100	3322596	3105061	0.002333
0.0159250	3318184	3102855	0.002337
0.0159225	3322596	3101531	0.002333
0.0158900	3322596	3100649	0.002333
0.0159025	3327009	3101972	0.002336
0.0159800	3327009	3102414	0.002337
0.0159475	3331421	3097560	0.002337
0.0160050	3340246	3094030	0.002340
0.0159600	3335834	3090059	0.002340
0.0159475	3327009	3090059	0.002339
0.0159975	3331421	3091382	0.002339
0.0159525	3327009	3090500	0.002345
0.0159925	3322596	3088294	0.002344
0.0160300	3327009	3088735	0.002348
0.0160175	3335834	3089176	0.002346
0.0160075	3327009	3090059	0.002350
0.0160050	3327009	3090500	0.002347
0.0160500	3335834	3089617	0.002349
0.0159725	3344659	3092706	0.002350
0.0160550	3335834	3094471	0.002349
0.0160525	3340246	3096236	0.002351
0.0160550	3335834	3099325	0.002353
0.0160525	3340246	3097560	0.002352
0.0161000	3340246	3097119	0.002355
0.0160750	3340246	3097560	0.002356
0.0160425	3335834	3097560	0.002356
0.0160900	3344659	3101531	0.002355
0.0160650	3344659	3104620	0.002361
0.0161100	3344659	3099766	0.002359
0.0161475	3349071	3097560	0.002360
0.0161300	3349071	3099766	0.002361
0.0161175	3344659	3098884	0.002361
0.0160825	3349071	3102414	0.002363
0.0161550	3353484	3103296	0.002366
0.0162050	3349071	3101531	0.002363
0.0161725	3353484	3099325	0.002367
0.0162050	3353484	3103296	0.002370
0.0161650	3357896	3104620	0.002367
0.0161575	3353484	3110797	0.002366
0.0161925	3353484	3113004	0.002369
0.0162175	3353484	3111239	0.002369
0.0162150	3353484	3113445	0.002373
0.0162400	3362309	3116975	0.002372
0.0162300	3357896	3120064	0.002373
0.0162525	3366721	3124917	0.002375
0.0162825	3366721	3127565	0.002377
0.0162600	3366721	3121387	0.002376
0.0162975	3357896	3120064	0.002380
0.0163325	3371134	3120064	0.002378
0.0162550	3371134	3120064	0.002379
0.0162850	3371134	3121829	0.002378
0.0163075	3362309	3120064	0.002382
0.0162925	3371134	3115210	0.002380
0.0163500	3379959	3108591	0.002384
0.0163200	3371134	3106826	0.002384
0.0163300	3379959	3108150	0.002383
0.0163125	3375546	3113004	0.002387
0.0163900	3375546	3113886	0.002388
0.0163475	3375546	3111239	0.002388
0.0163925	3379959	3109474	0.002392
0.0163600	3379959	3111680	0.002393
0.0163925	3379959	3113445	0.002391
0.0163900	3371134	3118740	0.002392
0.0164275	3371134	3124035	0.002395
0.0163950	3379959	3123594	0.002394
0.0164725	3384371	3124035	0.002397
0.0164400	3388783	3124917	0.002397
0.0164425	3388783	3126241	0.002396
0.0164725	3384371	3125359	0.002397
0.0164575	3388783	3128006	0.002399
0.0164550	3388783	3127565	0.002400
0.0164925	3384371	3128447	0.002407
0.0165050	3388783	3128006	0.002401
0.0164775	3388783	3128888	0.002401
0.0164750	3384371	3127565	0.002403
0.0165375	3397608	3126241	0.002406
0.0164900	3388783	3124476	0.002406
0.0164725	3402021	3122270	0.002404
0.0165175	3397608	3128006	0.002403
0.0165275	3393196	3128888	0.002409
0.0165300	3397608	3128447	0.002408
0.0165425	3397608	3128888	0.002411
0.0165975	3402021	3131095	0.002410
0.0165925	3397608	3134183	0.002411
0.0165775	3402021	3140361	0.002411
0.0165650	3397608	3144773	0.002412
0.0165900	3393196	3143450	0.002414
0.0165975	3406433	3146980	0.002418
0.0166500	3415258	3144773	0.002415
0.0166050	3397608	3146980	0.002414
0.0166275	3410846	3149186	0.002416
0.0166150	3402021	3151392	0.002417
0.0166250	3406433	3146980	0.002421
0.0166900	3410846	3145656	0.002420
0.0166275	3397608	3145215	0.002423
0.0166925	3415258	3147421	0.002420
0.0166875	3415258	3152716	0.002421
0.0166950	3410846	3154922	0.002425
0.0166800	3424083	3156246	0.002425
0.0167150	3410846	3153157	0.002428
0.0167300	3410846	3154040	0.002427
0.0167275	3419671	3155363	0.002426
0.0167025	3410846	3158893	0.002427
0.0167525	3424083	3156246	0.002432
0.0167400	3428496	3153598	0.002429
0.0167600	3415258	3149186	0.002434
0.0167525	3424083	3149627	0.002433
0.0167700	3424083	3151392	0.002431
0.0167775	3419671	3154040	0.002433
0.0167775	3424083	3158452	0.002437
0.0167700	3424083	3154922	0.002436
0.0168025	3432908	3151833	0.002439
0.0168400	3428496	3153598	0.002438
0.0167925	3419671	3157128	0.002437
0.0168100	3428496	3160658	0.002441
0.0168100	3424083	3162423	0.002443
0.0168125	3424083	3159335	0.002441
0.0168325	3432908	3155363	0.002444
0.0168825	3437321	3156687	0.002444
0.0168800	3428496	3154481	0.002442
0.0168800	3432908	3154922	0.002442
0.0168675	3437321	3156246	0.002448
0.0168775	3437321	3155805	0.002446
0.0169025	3446146	3156246	0.002449
0.0168800	3446146	3158893	0.002449
0.0169125	3428496	3163306	0.002451
0.0169200	3446146	3165512	0.002448
0.0168925	3446146	3169483	0.002453
0.0169900	3437321	3169042	0.002450
0.0169700	3446146	3171690	0.002450
0.0169350	3428496	3173896	0.002451
0.0169300	3428496	3176102	0.002455
0.0169450	3446146	3173013	0.002455
0.0170125	3446146	3171248	0.002455
0.0169600	3450558	3170366	0.002455
0.0170375	3437321	3166836	0.002456
0.0169825	3441733	3167718	0.002456
0.0170100	3450558	3165512	0.002459
0.0169975	3441733	3161541	0.002458
0.0170825	3454971	3159335	0.002461
0.0170025	3441733	3162423	0.002461
0.0170625	3454971	3163747	0.002461
0.0170475	3450558	3168601	0.002462
0.0170600	3454971	3173455	0.002467
0.0170475	3450558	3171690	0.002466
0.0170750	3450558	3173455	0.002468
0.0171075	3454971	3175220	0.002466
0.0171050	3454971	3177426	0.002468
0.0170825	3454971	3182279	0.002469
0.0171150	3459383	3184486	0.002472
0.0171075	3468208	3180073	0.002471
0.0171800	3463796	3177426	0.002473
0.0171300	3463796	3175220	0.002471
0.0171100	3459383	3170807	0.002472
0.0171425	3459383	3176543	0.002472
0.0171600	3459383	3178308	0.002479
0.0171575	3463796	3178308	0.002475
0.0172050	3463796	3178308	0.002479
0.0171650	3468208	3166395	0.002479
0.0171700	3463796	3155363	0.002477
0.0171975	3468208	3158893	0.002477
0.0171925	3468208	3158011	0.002479
0.0171800	3463796	3154481	0.002481
0.0172075	3477033	3155363	0.002482
0.0172550	3481446	3155805	0.002483
0.0172250	3468208	3158893	0.002482
0.0172050	3477033	3159776	0.002482
0.0172925	3472621	3159776	0.002486
0.0172350	3472621	3169483	0.002485
0.0172725	3472621	3183603	0.002488
0.0173400	3490270	3188016	0.002486
0.0172600	3472621	3195517	0.002487
0.0172775	3477033	3203901	0.002485
0.0172950	3477033	3209637	0.002492
0.0172575	3477033	3206989	0.002490
0.0173125	3485858	3204783	0.002494
0.0173675	3485858	3208313	0.002491
0.0173350	3477033	3210961	0.002491
0.0173200	3481446	3214932	0.002492
0.0173475	3477033	3214491	0.002496
0.0173475	3481446	3218021	0.002495
0.0173800	3477033	3217579	0.002498
0.0173650	3490270	3220668	0.002498
0.0173850	3494683	3222874	0.002497
0.0173800	3485858	3225081	0.002498
0.0174100	3477033	3227728	0.002500
0.0174100	3477033	3229052	0.002500
0.0174050	3494683	3231258	0.002498
0.0173825	3490270	3233905	0.002497
0.0174375	3494683	3235670	0.002501
0.0174300	3485858	3229934	0.002503
0.0174600	3494683	3228611	0.002507
0.0174525	3490270	3229052	0.002506
0.0174525	3485858	3227287	0.002503
0.0175050	3503508	3230817	0.002505
0.0174575	3485858	3231699	0.002506
0.0174775	3485858	3227728	0.002507
0.0175150	3499095	3227287	0.002509
0.0175075	3499095	3227728	0.002509
0.0175175	3499095	3227728	0.002511
0.0175100	3494683	3233464	0.002509
0.0175425	3499095	3236553	0.002512
0.0175275	3499095	3234347	0.002512
0.0175650	3503508	3234347	0.002515
0.0175400	3499095	3234347	0.002512
0.0175500	3503508	3235670	0.002517
0.0175650	3503508	3239200	0.002516
0.0175925	3503508	3241848	0.002516
0.0175925	3507920	3236553	0.002516
0.0175600	3503508	3237435	0.002522
0.0175475	3512333	3236553	0.002519
0.0175850	3507920	3236112	0.002521
0.0176225	3503508	3237435	0.002520
0.0176300	3516745	3239642	0.002524
0.0176300	3521158	3236112	0.002525
0.0176550	3503508	3232582	0.002525
0.0176350	3503508	3235229	0.002524
0.0176275	3512333	3233905	0.002524
0.0177075	3521158	3240965	0.002524
0.0176800	3512333	3240965	0.002527
0.0176625	3512333	3236553	0.002526
0.0177500	3521158	3233905	0.002529
0.0177125	3525570	3233905	0.002532
0.0177275	3521158	3232582	0.002530
0.0176950	3512333	3235670	0.002528
0.0177800	3525570	3237877	0.002534
0.0177300	3521158	3232140	0.002534
0.0177650	3529983	3230376	0.002534
0.0177875	3521158	3227728	0.002533
0.0177525	3521158	3228169	0.002535
0.0178100	3516745	3230817	0.002536
0.0177675	3529983	3230817	0.002537
0.0177550	3521158	3226404	0.002536
0.0177825	3525570	3225963	0.002540
0.0177925	3521158	3224198	0.002541
0.0178100	3529983	3223757	0.002540
0.0178025	3521158	3225081	0.002539
0.0178150	3538808	3227287	0.002544
0.0178250	3538808	3225522	0.002545
0.0178650	3534395	3225081	0.002545
0.0178475	3534395	3226404	0.002545
0.0178625	3538808	3228169	0.002545
0.0178375	3529983	3229052	0.002546
0.0178675	3529983	3228611	0.002550
0.0178650	3529983	3228611	0.002548
0.0179025	3534395	3227287	0.002553
0.0178525	3538808	3228169	0.002552
0.0179050	3543220	3228611	0.002551
0.0179575	3547633	3228611	0.002549
0.0179200	3529983	3228611	0.002554
0.0179325	3556458	3225081	0.002554
0.0179225	3538808	3224639	0.002553
0.0179600	3556458	3225963	0.002555
0.0179300	3529983	3225522	0.002558
0.0179675	3547633	3223757	0.002557
0.0179800	3543220	3221551	0.002560
0.0180025	3547633	3205224	0.002558
0.0179600	3547633	3188016	0.002559
0.0180075	3543220	3190222	0.002558
0.0179925	3543220	3187574	0.002565
0.0180225	3552045	3187133	0.002561
0.0180525	3552045	3184486	0.002566
0.0180400	3560870	3189339	0.002564
0.0180025	3556458	3192428	0.002564
0.0180225	3547633	3199047	0.002564
0.0180700	3556458	3205666	0.002569
0.0180675	3547633	3219786	0.002566
0.0181300	3556458	3236553	0.002568
0.0181050	3556458	3226846	0.002569
0.0180650	3556458	3219786	0.002569
0.0180700	3565283	3224639	0.002570
0.0180875	3547633	3230376	0.002572
0.0181125	3556458	3223757	0.002575
0.0181175	3565283	3221109	0.002574
0.0181050	3560870	3220227	0.002576
0.0181125	3556458	3222433	0.002575
0.0181350	3560870	3231258	0.002577
0.0181825	3560870	3233464	0.002579
0.0181650	3574108	3245378	0.002582
0.0181975	3565283	3259057	0.002582
0.0181850	3560870	3260380	0.002582
0.0181700	3574108	3262587	0.002581
0.0181625	3565283	3270529	0.002580
0.0181825	3565283	3273177	0.002584
0.0181975	3574108	3270970	0.002582
0.0182050	3574108	3267440	0.002587
0.0182425	3574108	3266558	0.002585
0.0182275	3565283	3267882	0.002584
0.0182400	3574108	3268764	0.002588
0.0182525	3574108	3269205	0.002589
0.0182475	3582933	3266999	0.002589
0.0182825	3574108	3265234	0.002590
0.0182725	3565283	3266558	0.002592
0.0182775	3569695	3270970	0.002590
0.0183225	3578520	3276707	0.002590
0.0183350	3578520	3278913	0.002594
0.0183025	3574108	3276265	0.002593
0.0183225	3587345	3276265	0.002595
0.0183850	3591757	3279795	0.002595
0.0183675	3587345	3281119	0.002594
0.0183300	3578520	3284649	0.002596
0.0184050	3582933	3286414	0.002600
0.0183325	3591757	3287296	0.002597
0.0183675	3587345	3286414	0.002601
0.0183625	3587345	3286855	0.002602
0.0184075	3596170	3289061	0.002602
0.0183625	3591757	3293474	0.002602
0.0184400	3591757	3297004	0.002604
0.0184625	3596170	3299651	0.002603
0.0183900	3596170	3304064	0.002605
0.0184075	3591757	3307594	0.002605
0.0184225	3582933	3309359	0.002608
0.0184300	3596170	3308035	0.002607
0.0185000	3596170	3310683	0.002611
0.0184750	3604995	3312448	0.002609
0.0184400	3600582	3314213	0.002608
0.0184650	3600582	3316860	0.002611
0.0184950	3609407	3316860	0.002613
0.0184675	3596170	3315095	0.002613
0.0185575	3604995	3315095	0.002615
0.0184925	3587345	3319508	0.002616
0.0184950	3591757	3323479	0.002616
0.0184975	3604995	3330980	0.002612
0.0185275	3609407	3332745	0.002617
0.0185475	3604995	3330980	0.002618
0.0185525	3609407	3331863	0.002620
0.0185650	3609407	3336275	0.002619
0.0185675	3600582	3342011	0.002620
0.0185575	3622645	3347747	0.002620
0.0185775	3613820	3350395	0.002623
0.0185675	3622645	3345982	0.002620
0.0185875	3600582	3345982	0.002625
0.0185800	3613820	3345100	0.002625
0.0186300	3609407	3349071	0.002627
0.0185975	3609407	3355690	0.002625
0.0186475	3604995	3359661	0.002627
0.0186275	3618232	3356131	0.002629
0.0186675	3622645	3353925	0.002633
0.0186150	3618232	3357014	0.002631
0.0186600	3613820	3362309	0.002633
0.0186725	3622645	3367604	0.002630
0.0186850	3627057	3369810	0.002636
0.0186900	3613820	3368927	0.002633
0.0187375	3618232	3366721	0.002635
0.0186575	3618232	3369369	0.002635
0.0186825	3613820	3372457	0.002636
0.0186925	3627057	3377752	0.002634
0.0187200	3622645	3381724	0.002640
0.0187450	3635882	3378635	0.002637
0.0187425	3618232	3377752	0.002644
0.0187425	3631470	3382165	0.002642
0.0187400	3627057	3385253	0.002641
0.0188025	3635882	3385695	0.002642
0.0187550	3635882	3387901	0.002645
0.0188050	3631470	3387018	0.002643
0.0188200	3631470	3386136	0.002646
0.0188525	3640295	3388342	0.002647
0.0187775	3635882	3390107	0.002646
0.0187825	3631470	3390990	0.002644
0.0188175	3635882	3389225	0.002649
0.0188275	3631470	3389666	0.002648
0.0188225	3640295	3390107	0.002649
0.0188150	3644707	3396285	0.002647
0.0188600	3640295	3399373	0.002653
0.0188300	3640295	3398050	0.002652
0.0188750	3640295	3400697	0.002655
0.0188625	3644707	3402021	0.002653
0.0189275	3653532	3405551	0.002653
0.0188550	3635882	3411728	0.002655
0.0188775	3653532	3417906	0.002657
0.0188600	3640295	3417906	0.002657
0.0189050	3653532	3420995	0.002661
0.0189050	3640295	3422760	0.002662
0.0189600	3653532	3427172	0.002660
0.0189100	3635882	3434232	0.002662
0.0189550	3657945	3437321	0.002664
0.0189300	3653532	3436438	0.002663
0.0189825	3653532	3434232	0.002664
0.0189675	3657945	3438203	0.002665
0.0189550	3653532	3439086	0.002663
0.0189475	3653532	3444381	0.002665
0.0189950	3649120	3445704	0.002668
0.0189825	3649120	3443057	0.002667
0.0190275	3649120	3443057	0.002671
0.0190675	3662357	3445263	0.002668
0.0190225	3649120	3447028	0.002670
0.0190100	3653532	3452323	0.002669
0.0190475	3653532	3457618	0.002673
0.0190800	3662357	3454971	0.002670
0.0190900	3662357	3454971	0.002675
0.0190675	3671182	3455853	0.002675
0.0190650	3653532	3460266	0.002675
0.0189975	3653532	3466443	0.002676
0.0191150	3666770	3468208	0.002676
0.0190900	3671182	3464678	0.002679
0.0191200	3657945	3466884	0.002681
0.0191300	3666770	3469091	0.002683
0.0191100	3671182	3471297	0.002679
0.0191200	3671182	3477474	0.002681
0.0191425	3666770	3480122	0.002685
0.0191475	3666770	3480563	0.002684
0.0192025	3680007	3480122	0.002685
0.0191350	3671182	3484976	0.002685
0.0191650	3671182	3485417	0.002686
0.0191575	3675595	3491594	0.002687
0.0191800	3675595	3491594	0.002688
0.0191975	3675595	3488064	0.002688
0.0192675	3680007	3487182	0.002690
0.0192425	3675595	3490270	0.002692
0.0192075	3684420	3494683	0.002689
0.0192050	3671182	3494242	0.002690
0.0192425	3666770	3495565	0.002694
0.0192300	3688832	3490270	0.002695
0.0193175	3684420	3491153	0.002695
0.0192600	3680007	3492477	0.002696
0.0192675	3680007	3495124	0.002695
0.0192600	3688832	3498213	0.002697
0.0192700	3688832	3499095	0.002698
0.0192775	3697657	3497772	0.002699
0.0193100	3693244	3495565	0.002704
0.0193200	3684420	3477474	0.002702
0.0193050	3675595	3458059	0.002701
0.0193100	3684420	3439527	0.002702
0.0193500	3684420	3421436	0.002705
0.0193550	3693244	3414376	0.002706
0.0193725	3702069	3406875	0.002703
0.0193425	3688832	3407316	0.002704
0.0194050	3688832	3409522	0.002708
0.0193525	3697657	3404227	0.002708
0.0194200	3697657	3403786	0.002709
0.0194050	3702069	3405992	0.002709
0.0193825	3693244	3408198	0.002709
0.0193850	3710894	3425848	0.002710
0.0194175	3702069	3440851	0.002713
0.0194175	3706482	3439968	0.002712
0.0194450	3706482	3443498	0.002718
0.0193925	3697657	3446587	0.002715
0.0194475	3697657	3446146	0.002712
0.0194525	3702069	3455412	0.002716
0.0194975	3702069	3460707	0.002716
0.0194925	3706482	3481887	0.002716
0.0195025	3702069	3503067	0.002718
0.0195000	3710894	3516304	0.002718
0.0194800	3710894	3528218	0.002719
0.0194875	3706482	3540131	0.002718
0.0195475	3706482	3546750	0.002721
0.0195250	3715307	3544103	0.002723
0.0195900	3702069	3546750	0.002725
0.0195475	3719719	3550280	0.002726
0.0195750	3715307	3554251	0.002725
0.0195875	3710894	3554693	0.002726
0.0195825	3715307	3554251	0.002729
0.0195800	3719719	3545426	0.002727
0.0195575	3706482	3542338	0.002730
0.0195875	3706482	3540131	0.002729
0.0196125	3724132	3541455	0.002730
0.0196150	3724132	3545868	0.002729
0.0196375	3719719	3546309	0.002731
0.0196400	3719719	3538367	0.002731
0.0196800	3719719	3532630	0.002736
0.0196600	3728544	3530865	0.002735
0.0196675	3715307	3531307	0.002735
0.0196575	3724132	3531307	0.002735
0.0196375	3724132	3528218	0.002739
0.0196650	3715307	3523364	0.002736
0.0196850	3728544	3518069	0.002739
0.0197175	3732957	3512774	0.002739
0.0196700	3732957	3509685	0.002741
0.0197175	3732957	3505273	0.002738
333			333		333		333