0.0000000	970745	110312	0.000000
0.0000250	988395	115607	0.000000
0.0000525	988395	119578	-0.000003
0.0000350	966333	123991	-0.000001
0.0000375	988395	124873	-0.000001
0.0000450	988395	123991	0.000000
0.0000750	979570	123549	0.000001
0.0001100	970745	126638	-0.000001
0.0000950	979570	127962	-0.000003
0.0000975	975158	130168	-0.000001
0.0001175	992808	130168	-0.000001
0.0001275	979570	130168	0.000000
0.0001050	979570	131051	-0.000004
0.0001150	970745	133257	-0.000001
0.0000975	966333	132816	-0.000001
0.0001300	979570	132816	-0.000001
0.0001625	975158	134581	0.000001
0.0001550	983983	134139	0.000000
0.0001725	992808	135904	-0.000002
0.0001025	979570	134581	-0.000001
0.0002000	970745	136346	-0.000002
0.0001825	979570	136346	-0.000001
0.0001925	970745	137669	-0.000002
0.0001975	983983	138111	0.000000
0.0001900	983983	142082	-0.000001
0.0002450	988395	142964	-0.000003
0.0002375	979570	143406	-0.000001
0.0002425	983983	142964	-0.000002
0.0002375	988395	144288	0.000000
0.0002375	983983	147377	0.000001
0.0002400	979570	150024	-0.000001
0.0002900	983983	153113	0.000000
0.0002800	988395	155319	-0.000002
0.0003250	983983	155319	0.000000
0.0003125	975158	157525	-0.000002
0.0002750	975158	162379	-0.000002
0.0002575	979570	165468	-0.000001
0.0002800	979570	169880	0.000000
0.0002875	975158	168998	-0.000001
0.0003200	983983	168557	-0.000001
0.0003425	979570	172528	-0.000001
0.0003250	983983	175617	-0.000002
0.0003250	966333	179588	0.000000
0.0003500	966333	185324	0.000000
0.0003475	988395	184883	-0.000001
0.0003650	975158	184883	-0.000001
0.0003575	966333	187972	0.000001
0.0003875	983983	190178	0.000001
0.0004150	983983	196797	-0.000002
0.0004225	979570	203857	0.000001
0.0004050	975158	204298	-0.000002
0.0004700	988395	206504	-0.000001
0.0004200	979570	210034	-0.000002
0.0004075	979570	211799	-0.000002
0.0004225	979570	217094	-0.000002
0.0004300	979570	222830	-0.000001
0.0004600	979570	223713	0.000000
0.0005200	979570	226801	-0.000003
0.0004125	970745	229449	-0.000001
0.0004575	970745	232096	-0.000002
0.0004825	983983	232979	-0.000001
0.0005425	975158	235185	-0.000004
0.0004875	979570	235185	-0.000001
0.0005300	961920	238274	-0.000003
0.0005775	983983	240480	-0.000003
0.0005350	975158	242686	-0.000003
0.0004975	975158	246658	-0.000001
0.0005275	970745	247981	-0.000002
0.0005350	979570	249746	-0.000002
0.0005725	970745	251070	-0.000001
0.0005425	966333	256806	-0.000004
0.0005800	983983	258130	-0.000001
0.0006225	966333	259454	0.000000
0.0006200	970745	259012	0.000001
0.0005775	970745	260777	-0.000003
0.0005575	966333	262984	0.000000
0.0006100	966333	268279	-0.000003
0.0006450	966333	273574	-0.000002
0.0006175	957508	274456	-0.000003
0.0006375	975158	277104	-0.000004
0.0006575	975158	278869	0.000001
0.0006150	961920	282840	-0.000004
0.0006450	957508	288576	-0.000003
0.0006750	957508	295195	-0.000003
0.0006450	961920	296519	-0.000005
0.0007100	953095	297401	-0.000003
0.0006700	953095	299607	-0.000003
0.0007375	957508	300049	-0.000006
0.0006975	953095	306667	-0.000003
0.0007175	961920	309315	-0.000005
0.0006975	939858	310197	-0.000004
0.0007675	948683	311962	-0.000006
0.0007600	935445	313727	-0.000005
0.0007050	931033	314168	-0.000006
0.0007425	948683	319022	-0.000007
0.0007800	939858	321670	-0.000006
0.0007750	939858	321228	-0.000008
0.0007825	935445	323876	-0.000009
0.0008000	926620	323876	-0.000007
0.0008200	931033	327847	-0.000007
0.0007925	931033	331377	-0.000005
0.0007850	917796	336231	-0.000006
0.0008075	922208	336672	-0.000005
0.0008150	913383	337113	-0.000010
0.0008250	917796	337996	-0.000010
0.0008200	908971	338878	-0.000009
0.0008100	904558	342408	-0.000009
0.0008750	904558	344615	-0.000010
0.0008625	917796	344173	-0.000009
0.0008725	895733	344173	-0.000011
0.0008925	895733	347262	-0.000014
0.0008425	891321	345938	-0.000010
0.0009000	900146	347703	-0.000012
0.0009175	900146	349468	-0.000013
0.0009500	886908	349468	-0.000013
0.0009375	882496	351233	-0.000012
0.0009575	886908	351675	-0.000014
0.0009475	869258	351675	-0.000011
0.0009950	886908	353440	-0.000015
0.0009375	882496	352998	-0.000015
0.0009425	878083	350792	-0.000014
0.0009600	860433	351675	-0.000016
0.0009450	864846	349910	-0.000015
0.0009750	864846	351675	-0.000018
0.0010000	856021	350351	-0.000017
0.0010175	851608	352116	-0.000017
0.0010175	851608	350351	-0.000015
0.0010125	842783	350792	-0.000018
0.0010050	838371	351233	-0.000018
0.0010725	833958	352998	-0.000020
0.0009975	842783	352998	-0.000018
0.0010575	833958	350351	-0.000017
0.0010625	820721	352998	-0.000019
0.0010950	842783	352557	-0.000020
0.0010300	833958	356528	-0.000019
0.0011125	825133	355646	-0.000024
0.0011075	816309	354763	-0.000022
0.0011050	811896	354763	-0.000021
0.0010975	811896	353881	-0.000022
0.0011050	789834	353440	-0.000023
0.0011400	794246	353440	-0.000020
0.0011425	798659	356970	-0.000023
0.0011700	803071	354322	-0.000023
0.0011850	798659	354322	-0.000025
0.0011825	785421	352557	-0.000025
0.0011675	785421	351675	-0.000027
0.0011925	785421	353881	-0.000025
0.0012050	789834	353440	-0.000026
0.0011500	776596	352557	-0.000027
0.0012075	772184	349910	-0.000028
0.0012500	763359	349910	-0.000028
0.0011950	754534	349027	-0.000026
0.0012025	763359	351233	-0.000028
0.0012525	754534	351233	-0.000029
0.0012725	758946	350351	-0.000028
0.0012400	741296	352116	-0.000031
0.0012425	732471	352557	-0.000029
0.0012550	741296	352116	-0.000030
0.0012450	736884	352998	-0.000032
0.0012650	736884	355205	-0.000032
0.0013225	736884	355646	-0.000032
0.0013125	728059	355646	-0.000033
0.0013125	719234	354763	-0.000031
0.0012800	728059	354322	-0.000033
0.0012825	723646	355205	-0.000032
0.0013375	732471	354763	-0.000034
0.0013250	710409	352557	-0.000033
0.0013700	714822	352116	-0.000036
0.0013550	710409	352998	-0.000035
0.0013750	719234	352998	-0.000033
0.0013300	714822	352998	-0.000033
0.0013750	701584	351675	-0.000034
0.0013600	697172	348145	-0.000035
0.0014025	697172	346821	-0.000033
0.0014050	701584	348145	-0.000037
0.0014425	705997	345497	-0.000035
0.0014225	701584	347703	-0.000034
0.0014750	701584	348145	-0.000039
0.0014300	701584	346821	-0.000037
0.0014500	688347	346821	-0.000034
0.0014575	683934	347262	-0.000038
0.0014550	683934	348586	-0.000036
0.0014725	683934	352557	-0.000036
0.0014800	670697	353881	-0.000039
0.0014950	683934	351233	-0.000038
0.0014875	675109	352998	-0.000038
0.0015325	666284	352998	-0.000039
0.0015225	675109	354763	-0.000038
0.0014675	679522	355646	-0.000038
0.0015750	661872	355205	-0.000038
0.0015275	657459	356087	-0.000040
0.0016050	670697	356087	-0.000040
0.0015600	661872	355205	-0.000039
0.0015625	653047	354763	-0.000040
0.0015350	670697	353440	-0.000040
0.0015775	657459	353440	-0.000041
0.0015625	670697	353440	-0.000040
0.0015775	657459	352116	-0.000041
0.0015525	644222	353881	-0.000039
0.0015775	653047	353881	-0.000039
0.0015925	653047	353440	-0.000040
0.0016025	648634	353440	-0.000040
0.0016300	644222	354322	-0.000041
0.0016175	648634	355646	-0.000040
0.0016300	639809	358293	-0.000041
0.0016300	661872	357852	-0.000040
0.0016300	653047	356970	-0.000042
0.0017100	657459	355646	-0.000041
0.0016575	648634	356087	-0.000041
0.0016675	648634	356528	-0.000042
0.0016375	639809	356528	-0.000041
0.0016975	635397	356528	-0.000041
0.0016875	644222	355205	-0.000044
0.0017125	657459	354322	-0.000041
0.0017400	644222	353881	-0.000042
0.0017350	644222	355646	-0.000044
0.0017725	648634	356528	-0.000043
0.0017675	644222	358735	-0.000043
0.0017325	639809	356528	-0.000043
0.0018375	644222	357411	-0.000043
0.0017950	644222	358293	-0.000042
0.0017975	644222	360941	-0.000043
0.0017575	635397	364471	-0.000044
0.0018050	639809	364912	-0.000041
0.0018150	639809	364912	-0.000043
0.0018375	644222	363588	-0.000044
0.0018575	644222	364471	-0.000041
0.0017750	644222	364471	-0.000043
0.0018375	635397	366677	-0.000045
0.0018425	639809	367559	-0.000043
0.0018425	648634	366677	-0.000042
0.0018625	635397	364029	-0.000043
0.0018675	635397	363147	-0.000044
0.0018950	630984	365353	-0.000041
0.0018075	622159	367559	-0.000043
0.0018975	630984	370207	-0.000043
0.0018850	639809	367118	-0.000043
0.0019325	626572	367559	-0.000045
0.0019425	630984	367118	-0.000045
0.0019550	639809	366236	-0.000043
0.0019175	639809	365794	-0.000042
0.0019800	630984	366236	-0.000044
0.0019175	630984	365794	-0.000041
0.0019750	635397	365794	-0.000043
0.0019775	630984	366677	-0.000044
0.0019925	626572	367118	-0.000044
0.0019625	626572	371089	-0.000042
0.0020425	639809	371972	-0.000044
0.0020525	630984	374619	-0.000044
0.0020500	626572	374619	-0.000045
0.0020075	630984	376826	-0.000046
0.0020300	626572	378591	-0.000041
0.0020200	630984	380797	-0.000043
0.0020500	622159	381238	-0.000043
0.0020575	635397	381238	-0.000045
0.0021050	644222	383003	-0.000045
0.0020375	635397	385209	-0.000044
0.0020700	644222	387857	-0.000043
0.0020575	626572	387416	-0.000041
0.0021200	648634	390063	-0.000043
0.0021075	635397	392711	-0.000043
0.0020975	639809	395799	-0.000042
0.0021375	639809	396241	-0.000043
0.0021700	630984	399329	-0.000043
0.0021050	635397	399771	-0.000043
0.0021500	644222	400212	-0.000040
0.0021750	639809	401094	-0.000043
0.0021325	639809	401536	-0.000042
0.0021925	644222	402859	-0.000044
0.0022375	644222	405507	-0.000043
0.0021850	644222	405948	-0.000043
0.0021750	630984	405948	-0.000042
0.0022050	644222	409478	-0.000042
0.0022325	644222	409478	-0.000043
0.0021925	635397	413008	-0.000043
0.0022375	653047	415214	-0.000041
0.0022375	648634	415214	-0.000042
0.0022425	644222	415655	-0.000038
0.0022300	648634	418303	-0.000041
0.0022050	653047	418744	-0.000042
0.0022775	648634	422715	-0.000041
0.0022725	644222	424480	-0.000040
0.0022450	648634	422274	-0.000041
0.0022975	653047	423598	-0.000039
0.0023550	648634	423157	-0.000040
0.0022925	653047	422715	-0.000041
0.0022875	648634	426245	-0.000041
0.0023050	648634	430658	-0.000040
0.0023750	644222	430658	-0.000042
0.0023200	661872	431540	-0.000041
0.0023700	648634	432423	-0.000042
0.0023725	666284	433305	-0.000038
0.0023025	666284	440365	-0.000041
0.0023750	666284	444337	-0.000038
0.0023800	661872	444337	-0.000040
0.0023975	666284	445660	-0.000039
0.0023750	670697	446543	-0.000040
0.0024225	666284	447425	-0.000040
0.0024050	666284	446984	-0.000039
0.0024100	670697	449632	-0.000039
0.0024125	657459	451838	-0.000040
0.0024450	670697	454927	-0.000039
0.0024425	657459	456250	-0.000038
0.0024450	675109	456692	-0.000037
0.0024400	666284	461545	-0.000038
0.0024850	670697	464634	-0.000035
0.0024075	670697	466399	-0.000038
0.0024700	670697	466840	-0.000038
0.0024775	683934	471694	-0.000036
0.0025025	688347	476106	-0.000037
0.0024925	688347	477871	-0.000036
0.0025075	683934	477430	-0.000037
0.0025275	688347	477430	-0.000036
0.0025425	688347	478754	-0.000035
0.0025175	679522	482284	-0.000038
0.0025625	679522	486696	-0.000036
0.0025400	688347	488020	-0.000037
0.0025675	692759	489344	-0.000038
0.0025750	692759	492874	-0.000035
0.0025950	692759	492874	-0.000036
0.0025725	688347	493756	-0.000037
0.0025675	697172	500375	-0.000034
0.0026300	705997	499493	-0.000034
0.0026225	697172	502581	-0.000035
0.0026100	705997	504346	-0.000035
0.0026175	697172	508318	-0.000032
0.0026075	697172	510524	-0.000035
0.0026625	705997	513612	-0.000032
0.0026500	710409	511848	-0.000036
0.0026750	710409	512289	-0.000033
0.0026475	710409	514054	-0.000034
0.0026625	719234	514936	-0.000033
0.0026950	719234	520672	-0.000033
0.0026950	714822	522879	-0.000032
0.0026925	710409	522879	-0.000031
0.0027300	723646	521555	-0.000030
0.0027150	719234	524202	-0.000033
0.0027450	728059	528174	-0.000032
0.0027450	723646	533910	-0.000032
0.0027450	728059	535675	-0.000033
0.0027375	719234	537881	-0.000030
0.0028075	741296	537881	-0.000031
0.0027325	723646	539646	-0.000031
0.0027900	723646	544059	-0.000030
0.0027725	728059	548471	-0.000028
0.0027950	736884	551119	-0.000032
0.0027700	741296	551119	-0.000031
0.0028450	750121	552001	-0.000029
0.0028525	741296	553325	-0.000032
0.0028450	741296	559061	-0.000029
0.0028450	745709	563032	-0.000031
0.0028250	754534	566121	-0.000028
0.0028300	750121	565238	-0.000028
0.0028875	763359	563474	-0.000028
0.0028825	754534	565238	-0.000028
0.0028750	750121	567886	-0.000028
0.0028700	745709	574946	-0.000029
0.0028575	754534	578035	-0.000029
0.0028950	758946	578035	-0.000028
0.0028950	758946	577593	-0.000027
0.0028900	763359	578476	-0.000025
0.0028875	772184	581123	-0.000027
0.0029625	772184	583771	-0.000028
0.0029950	763359	584653	-0.000025
0.0029100	781009	587742	-0.000027
0.0029900	776596	588625	-0.000026
0.0029325	767771	589066	-0.000025
0.0029450	767771	590831	-0.000023
0.0029375	772184	595685	-0.000024
0.0029950	772184	598773	-0.000024
0.0030325	781009	601421	-0.000026
0.0029750	781009	604510	-0.000021
0.0029825	785421	609805	-0.000024
0.0030400	798659	614658	-0.000024
0.0030325	798659	614217	-0.000024
0.0030250	794246	615541	-0.000022
0.0030325	785421	618188	-0.000021
0.0030675	798659	620836	-0.000022
0.0030275	798659	623924	-0.000024
0.0030800	803071	628337	-0.000022
0.0030825	811896	627896	-0.000021
0.0031100	816309	630102	-0.000022
0.0031325	807484	632308	-0.000021
0.0030700	816309	632749	-0.000020
0.0031025	816309	637162	-0.000021
0.0030800	807484	640251	-0.000021
0.0031100	816309	639368	-0.000020
0.0031200	825133	639809	-0.000018
0.0031225	825133	642016	-0.000018
0.0031575	825133	642016	-0.000019
0.0031425	829546	648634	-0.000019
0.0031775	820721	653047	-0.000018
0.0031375	829546	653488	-0.000020
0.0031550	816309	657459	-0.000016
0.0032100	838371	661431	-0.000017
0.0031725	838371	664961	-0.000016
0.0032050	838371	672462	-0.000019
0.0032125	838371	677315	-0.000015
0.0032250	842783	678198	-0.000015
0.0031725	838371	680404	-0.000014
0.0032450	860433	682169	-0.000017
0.0032125	851608	684375	-0.000016
0.0032550	851608	691877	-0.000017
0.0032575	860433	696730	-0.000016
0.0032625	856021	696289	-0.000015
0.0032775	864846	697613	-0.000012
0.0032275	873671	697613	-0.000013
0.0033225	869258	698054	-0.000016
0.0032825	864846	703349	-0.000013
0.0032850	873671	710409	-0.000012
0.0032875	873671	710850	-0.000013
0.0033425	873671	710850	-0.000011
0.0033875	878083	712615	-0.000013
0.0032900	878083	715704	-0.000013
0.0033075	882496	717469	-0.000012
0.0033450	878083	720558	-0.000008
0.0033450	891321	723646	-0.000009
0.0033925	895733	727176	-0.000011
0.0033750	900146	731148	-0.000009
0.0033825	895733	731589	-0.000009
0.0033875	904558	733354	-0.000011
0.0034300	900146	735560	-0.000009
0.0034450	913383	737325	-0.000010
0.0033950	904558	740414	-0.000009
0.0034375	913383	746591	-0.000008
0.0034425	913383	751004	-0.000005
0.0034525	917796	753210	-0.000009
0.0034125	922208	758064	-0.000005
0.0034750	922208	760270	-0.000007
0.0034600	922208	764241	-0.000004
0.0034400	917796	772184	-0.000006
0.0034900	931033	776155	-0.000004
0.0034775	935445	777479	-0.000007
0.0035250	935445	776596	-0.000005
0.0034675	944270	780567	-0.000004
0.0035050	944270	783215	-0.000005
0.0034975	944270	789392	-0.000004
0.0035225	948683	792040	-0.000003
0.0035125	953095	793805	-0.000003
0.0035575	961920	794246	-0.000002
0.0035575	953095	794246	-0.000002
0.0035425	948683	799100	-0.000004
0.0035325	953095	803954	-0.000003
0.0036075	966333	810131	-0.000002
0.0035925	975158	811455	0.000000
0.0035950	966333	814544	0.000001
0.0036325	983983	814544	0.000000
0.0035850	983983	814544	-0.000001
0.0036000	983983	812779	-0.000001
0.0036375	983983	815867	0.000002
0.0036225	997220	815426	0.000001
0.0036250	983983	813661	0.000004
0.0036750	992808	811014	0.000004
0.0036450	988395	807042	0.000001
0.0036450	992808	804836	0.000002
0.0036575	988395	802630	0.000004
0.0036775	997220	799982	0.000001
0.0036275	983983	798659	0.000002
0.0036500	997220	799541	0.000003
0.0036300	983983	796452	0.000004
0.0036550	983983	795570	0.000001
0.0036400	983983	794687	0.000002
0.0036625	988395	792481	0.000003
0.0036475	988395	792040	0.000002
0.0036375	992808	789834	0.000005
0.0036250	983983	789392	0.000003
0.0036250	1001633	789392	0.000000
0.0036825	992808	788951	0.000001
0.0036425	983983	786745	0.000002
0.0036550	988395	787186	0.000003
0.0036625	997220	786745	0.000002
0.0036400	983983	785421	0.000003
0.0036200	988395	785421	0.000002
0.0036950	997220	785862	0.000002
0.0036275	988395	785862	0.000004
0.0036325	992808	784980	0.000003
0.0036625	983983	782774	0.000000
0.0036925	997220	783215	0.000001
0.0036125	1006045	782332	0.000002
0.0036425	992808	780567	0.000001
0.0036275	997220	781009	0.000003
0.0036950	992808	780126	-0.000001
0.0036175	992808	781450	0.000002
0.0036675	983983	780567	0.000005
0.0037000	992808	779244	0.000003
0.0036175	979570	776155	0.000003
0.0036475	992808	777037	0.000002
0.0036650	1001633	775272	0.000004
0.0036525	983983	775714	-0.000001
0.0036800	992808	774831	0.000004
0.0036825	983983	775714	0.000001
0.0036675	988395	776596	0.000003
0.0036150	992808	774831	0.000003
0.0036375	1001633	773507	0.000002
0.0036525	992808	774831	0.000003
0.0036475	997220	775272	0.000002
0.0036775	983983	774831	0.000001
0.0036125	992808	774390	0.000002
0.0036375	983983	772625	0.000002
0.0036350	988395	772184	0.000001
0.0036350	983983	769095	0.000003
0.0036575	997220	767330	0.000001
0.0036375	983983	765565	0.000000
0.0036550	992808	766448	0.000002
0.0036300	983983	764241	0.000002
0.0036350	983983	765565	0.000002
0.0036625	992808	764683	0.000001
0.0036350	997220	763359	0.000000
0.0036325	992808	764241	0.000002
0.0036575	1001633	763359	0.000003
0.0036575	988395	763359	0.000002
0.0036425	992808	765124	0.000005
0.0036525	997220	764241	0.000002
0.0036575	992808	763359	0.000001
0.0036575	988395	762918	0.000001
0.0036200	992808	761594	0.000001
0.0036700	992808	759829	0.000001
0.0036525	997220	761153	0.000001
0.0036400	997220	761153	0.000000
0.0036675	992808	760711	0.000001
0.0037050	1001633	758946	0.000002
0.0036550	988395	757181	-0.000002
0.0036225	992808	758946	0.000003
0.0036525	988395	759829	0.000002
0.0036200	997220	761594	0.000000
0.0036475	992808	760711	0.000000
0.0036250	983983	762035	0.000004
0.0036925	997220	761594	0.000001
0.0036350	975158	759829	0.000001
0.0036450	997220	761153	0.000003
0.0036400	992808	759829	0.000001
0.0036350	983983	757623	0.000002
0.0036500	983983	757181	0.000004
0.0036925	997220	754093	0.000001
0.0036500	1006045	753651	0.000002
0.0036600	988395	752769	-0.000001
0.0036525	997220	751886	0.000001
0.0036475	988395	750563	0.000001
0.0036575	988395	750563	0.000002
0.0036750	992808	748798	0.000001
0.0036450	988395	748798	0.000002
0.0036825	992808	750121	0.000001
0.0036700	988395	758064	0.000001
0.0035850	992808	765565	0.000001
0.0036525	988395	774390	-0.000001
0.0036500	983983	782332	0.000002
0.0036700	1006045	787627	0.000001
0.0036250	988395	793364	0.000002
0.0036425	983983	802630	0.000003
0.0036650	997220	812337	0.000002
0.0036675	992808	824251	0.000000
0.0036675	997220	833958	0.000004
0.0036675	1001633	835282	0.000002
0.0037300	1001633	838371	0.000002
0.0037025	1028107	839695	0.000003
0.0037075	1019283	844990	0.000005
0.0037275	1028107	856021	0.000004
0.0037425	1014870	864846	0.000004
0.0037575	1050170	866611	0.000004
0.0037875	1041345	869258	0.000005
0.0037475	1058995	873671	0.000005
0.0037950	1045757	878524	0.000006
0.0037375	1041345	886026	0.000004
0.0037800	1050170	890879	0.000007
0.0037775	1067820	893086	0.000005
0.0038225	1072232	894851	0.000011
0.0037800	1085470	896616	0.000007
0.0037825	1081057	900587	0.000007
0.0037825	1089882	905882	0.000007
0.0038175	1076645	910294	0.000007
0.0037975	1111945	915148	0.000010
0.0038575	1098707	920002	0.000007
0.0038375	1116357	922649	0.000007
0.0038425	1103120	928827	0.000009
0.0038575	1116357	932798	0.000008
0.0038575	1116357	937210	0.000010
0.0038650	1147244	940299	0.000012
0.0038700	1107532	943388	0.000010
0.0038750	1134007	950889	0.000009
0.0038800	1147244	955743	0.000012
0.0038525	1156069	958832	0.000009
0.0039225	1147244	959714	0.000013
0.0039150	1160482	964127	0.000010
0.0039050	1147244	967657	0.000011
0.0039150	1156069	976481	0.000012
0.0039625	1160482	983100	0.000012
0.0039675	1182544	984865	0.000014
0.0039550	1182544	985748	0.000016
0.0039450	1195782	989278	0.000013
0.0039350	1173719	994131	0.000014
0.0039625	1191369	1001633	0.000015
0.0039825	1195782	1008693	0.000013
0.0039825	1209019	1008693	0.000014
0.0040100	1213432	1009575	0.000016
0.0040225	1244319	1011340	0.000017
0.0040425	1217844	1013546	0.000017
0.0040375	1222257	1019283	0.000014
0.0040325	1222257	1026342	0.000017
0.0040350	1261969	1028107	0.000017
0.0040550	1248731	1030755	0.000019
0.0040475	1253144	1032079	0.000019
0.0040750	1257556	1034726	0.000016
0.0040600	1261969	1041786	0.000016
0.0040575	1253144	1046640	0.000019
0.0041175	1270794	1047522	0.000018
0.0041600	1275206	1051052	0.000020
0.0040825	1288444	1055024	0.000019
0.0041375	1284031	1059436	0.000018
0.0041225	1275206	1067820	0.000018
0.0041475	1288444	1073115	0.000021
0.0041075	1297269	1075321	0.000020
0.0041400	1310506	1077527	0.000022
0.0041425	1323744	1082381	0.000022
0.0041675	1310506	1089000	0.000024
0.0041675	1310506	1097825	0.000021
0.0042250	1310506	1105326	0.000022
0.0041800	1341393	1108415	0.000021
0.0042100	1332569	1113268	0.000024
0.0042175	1350218	1114592	0.000024
0.0041725	1354631	1118122	0.000025
0.0042125	1350218	1120770	0.000025
0.0042125	1354631	1123858	0.000024
0.0042150	1363456	1127830	0.000024
0.0042750	1381106	1130477	0.000026
0.0042600	1385518	1135331	0.000027
0.0042525	1367868	1139302	0.000024
0.0042375	1381106	1142391	0.000025
0.0043000	1381106	1142832	0.000026
0.0042675	1398756	1149009	0.000028
0.0042550	1398756	1153863	0.000027
0.0042650	1394343	1162688	0.000027
0.0043225	1411993	1171072	0.000028
0.0043200	1411993	1173278	0.000029
0.0042900	1411993	1175926	0.000029
0.0043000	1429643	1178573	0.000027
0.0043275	1425231	1181662	0.000028
0.0043325	1420818	1190928	0.000029
0.0043750	1425231	1200635	0.000031
0.0043600	1447293	1200635	0.000027
0.0044050	1447293	1204165	0.000030
0.0043525	1451705	1208578	0.000032
0.0043700	1456118	1213432	0.000030
0.0043900	1456118	1221374	0.000031
0.0043700	1473768	1227552	0.000031
0.0044150	1482593	1231964	0.000031
0.0044350	1487005	1234170	0.000033
0.0044200	1491418	1238583	0.000033
0.0043875	1495830	1241671	0.000035
0.0044300	1487005	1249614	0.000032
0.0044075	1491418	1254909	0.000036
0.0044175	1513480	1256233	0.000032
0.0044700	1517893	1256674	0.000037
0.0045000	1544367	1261086	0.000034
0.0044875	1526718	1265940	0.000037
0.0044475	1522305	1272118	0.000036
0.0044925	1522305	1279178	0.000037
0.0044800	1548780	1281384	0.000036
0.0045300	1553192	1286237	0.000038
0.0045425	1584080	1291974	0.000037
0.0045350	1557605	1298151	0.000039
0.0045550	1575255	1306535	0.000036
0.0045800	1575255	1314919	0.000036
0.0045300	1606142	1316242	0.000038
0.0045550	1597317	1319331	0.000039
0.0045700	1623792	1325067	0.000043
0.0045400	1614967	1332127	0.000042
0.0045400	1610555	1341393	0.000039
0.0046150	1614967	1344923	0.000041
0.0045775	1623792	1348453	0.000042
0.0046475	1637030	1350660	0.000043
0.0046375	1645854	1355955	0.000041
0.0046250	1637030	1361691	0.000043
0.0046050	1654679	1373163	0.000042
0.0046125	1650267	1382871	0.000046
0.0046450	1689979	1385518	0.000045
0.0046950	1681154	1387283	0.000045
0.0046950	1694392	1392578	0.000044
0.0046425	1676742	1399638	0.000045
0.0046750	1689979	1408463	0.000045
0.0046825	1707629	1417288	0.000046
0.0046725	1712042	1417729	0.000046
0.0046925	1716454	1422142	0.000048
0.0046975	1738517	1424789	0.000044
0.0046875	1720867	1427878	0.000047
0.0046850	1729692	1430084	0.000047
0.0047700	1738517	1434497	0.000050
0.0047250	1769404	1437585	0.000048
0.0047875	1751754	1440674	0.000049
0.0047375	1756166	1444204	0.000049
0.0047575	1769404	1448175	0.000051
0.0047500	1760579	1455677	0.000047
0.0048350	1764991	1458765	0.000050
0.0047875	1782641	1464502	0.000050
0.0047550	1769404	1470679	0.000053
0.0047875	1773816	1480828	0.000049
0.0047750	1778229	1488770	0.000051
0.0048175	1800291	1491859	0.000051
0.0048375	1795879	1496713	0.000052
0.0048850	1822354	1501566	0.000053
0.0048100	1804704	1505538	0.000053
0.0048425	1822354	1511715	0.000053
0.0048825	1826766	1519658	0.000055
0.0048600	1840004	1520981	0.000055
0.0048800	1848828	1522746	0.000057
0.0048700	1862066	1528483	0.000055
0.0048975	1853241	1534219	0.000055
0.0049175	1857653	1543926	0.000053
0.0048975	1853241	1550986	0.000059
0.0048975	1879716	1551427	0.000055
0.0049675	1879716	1556722	0.000058
0.0049100	1888541	1565106	0.000059
0.0049500	1901778	1571725	0.000057
0.0049050	1888541	1581432	0.000058
0.0049800	1910603	1590698	0.000061
0.0048850	1928253	1593787	0.000061
0.0049950	1932666	1596435	0.000060
0.0050125	1941491	1600847	0.000060
0.0049750	1923841	1607025	0.000058
0.0050000	1941491	1618056	0.000059
0.0049850	1941491	1625116	0.000063
0.0049800	1959140	1625998	0.000061
0.0050575	1959140	1629087	0.000062
0.0050200	1976790	1631735	0.000063
0.0050225	1976790	1637030	0.000063
0.0050450	1976790	1645413	0.000061
0.0050300	1981203	1652032	0.000065
0.0050275	2003265	1652032	0.000064
0.0050800	1990028	1653356	0.000064
0.0050975	2020915	1657327	0.000064
0.0050575	2003265	1661739	0.000065
0.0050675	1998853	1667917	0.000065
0.0051100	2034153	1674536	0.000065
0.0050950	2034153	1678507	0.000066
0.0051225	2038565	1680272	0.000066
0.0051325	2051802	1683802	0.000068
0.0051075	2038565	1688656	0.000066
0.0051425	2042978	1699245	0.000069
0.0051200	2056215	1707188	0.000070
0.0051175	2082690	1710277	0.000068
0.0051600	2078277	1713807	0.000070
0.0051450	2091515	1719984	0.000070
0.0051550	2095927	1723073	0.000070
0.0051875	2082690	1727927	0.000068
0.0051900	2095927	1731898	0.000073
0.0052300	2117990	1740723	0.000071
0.0052175	2117990	1747783	0.000074
0.0052000	2131227	1754843	0.000074
0.0052550	2113577	1761461	0.000071
0.0052250	2122402	1766315	0.000069
0.0052325	2144465	1772051	0.000073
0.0052500	2148877	1777788	0.000075
0.0052825	2153290	1781759	0.000073
0.0052450	2153290	1787936	0.000075
0.0052900	2162114	1797644	0.000073
0.0053025	2170939	1796761	0.000074
0.0052975	2184177	1798967	0.000078
0.0053125	2201827	1803821	0.000075
0.0053200	2193002	1807792	0.000076
0.0052750	2193002	1817941	0.000077
0.0053350	2219477	1825001	0.000079
0.0052900	2206239	1828531	0.000077
0.0053550	2223889	1833385	0.000080
0.0053625	2241539	1842651	0.000078
0.0053500	2232714	1847063	0.000078
0.0053250	2228302	1857653	0.000079
0.0053700	2237127	1866478	0.000079
0.0053750	2263601	1866920	0.000081
0.0053825	2259189	1871332	0.000082
0.0054000	2272426	1876186	0.000082
0.0053875	2276839	1883687	0.000081
0.0054000	2272426	1894277	0.000082
0.0054025	2290076	1905749	0.000082
0.0054475	2307726	1907956	0.000083
0.0054325	2320964	1913692	0.000085
0.0054800	2329789	1918104	0.000084
0.0054600	2316551	1925606	0.000083
0.0054425	2320964	1937519	0.000084
0.0054575	2334201	1946786	0.000088
0.0054325	2356264	1951198	0.000085
0.0054825	2369501	1954287	0.000088
0.0055175	2382738	1960905	0.000086
0.0054825	2369501	1966200	0.000087
0.0054700	2365088	1978555	0.000085
0.0054850	2373913	1988263	0.000088
0.0055325	2404801	1991352	0.000088
0.0054900	2395976	1993999	0.000090
0.0055175	2418038	1999735	0.000090
0.0055450	2413626	2006795	0.000089
0.0055075	2409213	2015179	0.000089
0.0055600	2413626	2025769	0.000094
0.0055575	2426863	2026651	0.000090
0.0055700	2435688	2031505	0.000093
0.0056000	2453338	2036359	0.000093
0.0055650	2444513	2042978	0.000092
0.0056175	2453338	2055332	0.000092
0.0056300	2462163	2064599	0.000095
0.0055875	2475400	2065481	0.000096
0.0056125	2475400	2069452	0.000095
0.0056300	2501875	2077395	0.000095
0.0056200	2493050	2082249	0.000096
0.0056550	2497463	2087985	0.000094
0.0056175	2510700	2093721	0.000097
0.0056050	2515113	2099016	0.000096
0.0056625	2532763	2102546	0.000098
0.0055850	2532763	2109165	0.000098
0.0056625	2528350	2117107	0.000096
0.0056425	2532763	2125050	0.000098
0.0056975	2554825	2130786	0.000099
0.0056575	2541588	2137846	0.000098
0.0057225	2559238	2146230	0.000098
0.0056725	2559238	2157261	0.000098
0.0057125	2568062	2167409	0.000101
0.0057300	2585712	2169616	0.000099
0.0057450	2585712	2175793	0.000104
0.0057050	2594537	2178882	0.000102
0.0057800	2576887	2185501	0.000101
0.0057700	2594537	2195649	0.000102
0.0057675	2603362	2203592	0.000104
0.0057575	2607775	2202268	0.000103
0.0058150	2625425	2203592	0.000104
0.0057650	2629837	2209769	0.000103
0.0057700	2621012	2214182	0.000104
0.0057550	2629837	2226095	0.000104
0.0058350	2638662	2233597	0.000104
0.0057950	2643075	2237568	0.000103
0.0058500	2665137	2238892	0.000106
0.0058925	2673962	2244187	0.000106
0.0058175	2673962	2249482	0.000106
0.0058475	2673962	2263160	0.000106
0.0058275	2682787	2271544	0.000107
0.0058975	2691612	2274633	0.000106
0.0058625	2700437	2277721	0.000111
0.0058925	2718087	2282575	0.000108
0.0059325	2709262	2289194	0.000109
0.0058375	2700437	2301990	0.000109
0.0059325	2722499	2313904	0.000110
0.0059100	2731324	2318316	0.000110
0.0059400	2740149	2322729	0.000114
0.0059325	2757799	2327582	0.000111
0.0059375	2744562	2332436	0.000111
0.0059425	2757799	2341702	0.000112
0.0059700	2762212	2351851	0.000114
0.0059525	2784274	2354057	0.000114
0.0059875	2793099	2358029	0.000116
0.0059800	2801924	2362882	0.000115
0.0060125	2801924	2365530	0.000115
0.0059750	2801924	2374355	0.000114
0.0060075	2810749	2383621	0.000115
0.0060400	2823986	2385827	0.000114
0.0060450	2841636	2392887	0.000118
0.0060475	2850461	2400388	0.000116
0.0060200	2846049	2408331	0.000117
0.0060200	2837224	2421568	0.000116
0.0060450	2859286	2430834	0.000120
0.0060675	2868111	2431276	0.000118
0.0060875	2876936	2437012	0.000122
0.0061050	2894586	2444513	0.000120
0.0060625	2881348	2450249	0.000119
0.0060600	2885761	2456868	0.000119
0.0060950	2894586	2462163	0.000124
0.0061425	2921061	2467458	0.000120
0.0061375	2925473	2471870	0.000123
0.0061250	2934298	2476283	0.000122
0.0061100	2925473	2483343	0.000124
0.0061150	2929886	2491285	0.000124
0.0061700	2947536	2495257	0.000124
0.0061300	2956361	2499228	0.000125
0.0061825	2956361	2507170	0.000122
0.0061350	2947536	2517319	0.000123
0.0061550	2965186	2527026	0.000127
0.0061775	2982835	2530115	0.000126
0.0062050	3000485	2533645	0.000126
0.0062250	3000485	2539381	0.000125
0.0062025	3000485	2544235	0.000127
0.0061800	2991660	2554384	0.000127
0.0062375	3004898	2563209	0.000129
0.0062150	3026960	2567180	0.000129
0.0062750	3031373	2569827	0.000128
0.0062825	3057848	2574240	0.000128
0.0062150	3053435	2580417	0.000130
0.0062275	3044610	2590566	0.000130
0.0062950	3057848	2600274	0.000131
0.0062550	3075498	2602921	0.000130
0.0063050	3088735	2608216	0.000132
0.0062750	3084322	2613070	0.000131
0.0063125	3093147	2618365	0.000132
0.0062975	3093147	2629837	0.000133
0.0063425	3106385	2639545	0.000131
0.0063325	3115210	2643516	0.000135
0.0063100	3132860	2647928	0.000135
0.0063050	3141685	2654988	0.000136
0.0063525	3146097	2660725	0.000136
0.0063625	3141685	2673962	0.000136
0.0063550	3141685	2681463	0.000138
0.0063325	3163747	2683228	0.000138
0.0064000	3172572	2689406	0.000137
0.0063700	3176985	2694701	0.000137
0.0064075	3181397	2699554	0.000140
0.0063825	3185809	2709703	0.000138
0.0064450	3203459	2718969	0.000140
0.0064450	3221109	2720293	0.000139
0.0064250	3221109	2724705	0.000141
0.0064075	3221109	2730442	0.000141
0.0064150	3225522	2738825	0.000141
0.0064125	3212284	2751622	0.000142
0.0064575	3243172	2760447	0.000141
0.0064150	3251997	2761329	0.000143
0.0065175	3256409	2765300	0.000142
0.0064875	3269647	2771036	0.000142
0.0065050	3269647	2775890	0.000144
0.0065050	3274059	2790010	0.000141
0.0064850	3269647	2797953	0.000143
0.0065075	3291709	2798835	0.000143
0.0065150	3318184	2801924	0.000147
0.0065375	3309359	2807660	0.000147
0.0065400	3296121	2815603	0.000146
0.0065450	3304946	2823104	0.000148
0.0065325	3331421	2830605	0.000148
0.0065375	3327009	2838547	0.000147
0.0066125	3357896	2842960	0.000149
0.0065500	3357896	2846490	0.000150
0.0065575	3353484	2853550	0.000149
0.0065600	3344659	2857521	0.000149
0.0066175	3371134	2861492	0.000149
0.0065675	3379959	2868552	0.000151
0.0065575	3371134	2872965	0.000152
0.0065900	3375546	2881790	0.000148
0.0066575	3388783	2889732	0.000152
0.0066150	3397608	2889291	0.000153
0.0066200	3419671	2893262	0.000154
0.0066850	3432908	2898557	0.000154
0.0066675	3424083	2905176	0.000152
0.0066650	3424083	2917972	0.000151
0.0066550	3437321	2928562	0.000156
0.0066925	3454971	2929003	0.000154
0.0066950	3472621	2932533	0.000155
0.0066675	3477033	2936063	0.000156
0.0067025	3459383	2938711	0.000156
0.0067575	3468208	2951066	0.000155
0.0066950	3481446	2960773	0.000159
0.0066925	3477033	2963421	0.000158
0.0067375	3499095	2966068	0.000159
0.0067275	3512333	2969598	0.000157
0.0067475	3503508	2973569	0.000159
0.0067200	3499095	2985042	0.000158
0.0067625	3525570	2993425	0.000161
0.0067750	3534395	2998720	0.000162
0.0067825	3547633	3006663	0.000162
0.0067875	3547633	3013282	0.000164
0.0068175	3547633	3018577	0.000161
0.0068075	3552045	3027843	0.000160
0.0068500	3565283	3034461	0.000161
0.0068300	3569695	3034461	0.000162
0.0068525	3596170	3037550	0.000164
0.0068050	3596170	3042845	0.000166
0.0068175	3596170	3047258	0.000165
0.0068375	3596170	3060054	0.000167
0.0068750	3609407	3067996	0.000167
0.0068525	3600582	3069761	0.000166
0.0069025	3649120	3075939	0.000166
0.0068850	3635882	3082116	0.000166
0.0069150	3627057	3088735	0.000165
0.0068875	3631470	3102855	0.000165
0.0068925	3657945	3110797	0.000170
0.0068975	3649120	3113445	0.000169
0.0069325	3684420	3121829	0.000170
0.0069300	3684420	3126241	0.000169
0.0069300	3671182	3134183	0.000169
0.0069375	3680007	3148745	0.000170
0.0070000	3706482	3158452	0.000169
0.0069725	3697657	3164188	0.000171
0.0069700	3724132	3170366	0.000171
0.0069875	3719719	3176543	0.000174
0.0069875	3724132	3184486	0.000171
0.0069675	3715307	3190663	0.000173
0.0070225	3750607	3194634	0.000173
0.0069925	3741782	3201694	0.000174
0.0069750	3768257	3206107	0.000176
0.0070550	3755019	3209196	0.000175
0.0070175	3768257	3216256	0.000177
0.0070100	3768257	3219344	0.000176
0.0070550	3794732	3223757	0.000178
0.0070975	3790319	3230376	0.000175
0.0070825	3794732	3237435	0.000176
0.0071000	3794732	3251114	0.000177
0.0071075	3821206	3259939	0.000179
0.0070925	3803556	3262587	0.000178
0.0070875	3838856	3267882	0.000182
0.0070875	3834444	3272294	0.000180
0.0070875	3825619	3274500	0.000179
0.0071125	3834444	3290385	0.000180
0.0071575	3865331	3303181	0.000180
0.0071300	3847681	3305388	0.000179
0.0071375	3891806	3313330	0.000183
0.0071425	3882981	3315536	0.000181
0.0071850	3882981	3321714	0.000180
0.0071325	3882981	3331863	0.000182
0.0071925	3909456	3340246	0.000184
0.0071850	3905043	3342894	0.000183
0.0072050	3913868	3348189	0.000184
0.0071675	3918281	3351277	0.000184
0.0072200	3935931	3354366	0.000184
0.0071975	3918281	3368486	0.000185
0.0072300	3957993	3374664	0.000186
0.0072050	3949168	3378194	0.000186
0.0072325	3975643	3382165	0.000188
0.0072600	3962406	3388783	0.000188
0.0072925	3966818	3395402	0.000188
0.0072500	3975643	3409081	0.000188
0.0073175	4002118	3420995	0.000188
0.0072900	3997706	3424083	0.000189
0.0072950	4024180	3429378	0.000192
0.0072950	4006530	3436879	0.000191
0.0072800	4002118	3446146	0.000193
0.0072800	4002118	3458942	0.000189
0.0073300	4037418	3471738	0.000190
0.0072800	4033005	3474386	0.000191
0.0073875	4050655	3481004	0.000191
0.0073225	4059480	3486741	0.000194
0.0073500	4059480	3491594	0.000194
0.0073200	4059480	3504390	0.000192
0.0073450	4081543	3514539	0.000195
0.0073625	4068305	3514098	0.000197
0.0073925	4108017	3516745	0.000199
0.0073950	4108017	3523364	0.000193
0.0073850	4112430	3529542	0.000195
0.0073900	4094780	3543661	0.000196
0.0073925	4134492	3551163	0.000198
0.0073950	4125667	3554693	0.000199
0.0074500	4152142	3559988	0.000199
0.0074925	4152142	3566606	0.000197
0.0074400	4152142	3575431	0.000199
0.0074575	4152142	3582491	0.000198
0.0074875	4174205	3589551	0.000198
0.0074525	4174205	3600141	0.000201
0.0074925	4209504	3608525	0.000201
0.0074950	4191855	3612496	0.000203
0.0075175	4196267	3619997	0.000201
0.0075000	4196267	3625292	0.000201
0.0074825	4227154	3631911	0.000203
0.0075000	4213917	3636324	0.000202
0.0075575	4213917	3641618	0.000203
0.0074850	4222742	3653532	0.000203
0.0075250	4249217	3662798	0.000205
0.0075375	4244804	3660592	0.000205
0.0075850	4275692	3662798	0.000206
0.0075625	4271279	3673830	0.000208
0.0075900	4266867	3681772	0.000206
0.0075650	4266867	3695009	0.000207
0.0075625	4293342	3703393	0.000209
0.0075600	4275692	3709129	0.000208
0.0076125	4306579	3712659	0.000209
0.0076200	4315404	3721926	0.000208
0.0076100	4297754	3730751	0.000210
0.0076200	4302167	3746194	0.000208
0.0075975	4341879	3755902	0.000211
0.0076050	4324229	3756784	0.000210
0.0076625	4359529	3761638	0.000210
0.0076575	4346291	3769580	0.000212
0.0076600	4355116	3778405	0.000211
0.0076350	4350704	3788113	0.000212
0.0076550	4377179	3800026	0.000213
0.0076875	4381591	3800468	0.000211
0.0077075	4408066	3803998	0.000213
0.0076875	4394829	3810616	0.000214
0.0076750	4399241	3817676	0.000215
0.0076950	4394829	3830031	0.000215
0.0076800	4434541	3841945	0.000218
0.0077050	4425716	3845916	0.000216
0.0077300	4447778	3850329	0.000218
0.0077525	4443366	3860477	0.000219
0.0077350	4447778	3868420	0.000217
0.0077200	4434541	3882099	0.000216
0.0077850	4478666	3890924	0.000220
0.0077750	4474253	3893130	0.000220
0.0077750	4496316	3900631	0.000220
0.0078325	4509553	3909015	0.000220
0.0077700	4491903	3916075	0.000220
0.0077675	4487491	3929753	0.000222
0.0078100	4518378	3941226	0.000223
0.0078375	4518378	3942108	0.000221
0.0078225	4544853	3945638	0.000224
0.0078700	4544853	3954463	0.000223
0.0078900	4540440	3965053	0.000223
0.0078350	4536028	3976084	0.000223
0.0078725	4571328	3985792	0.000224
0.0078600	4562503	3988881	0.000225
0.0078800	4593390	3991969	0.000227
0.0078825	4575740	3999029	0.000227
0.0078575	4593390	4006089	0.000226
0.0078575	4575740	4012267	0.000226
0.0079175	4611040	4018885	0.000228
0.0079150	4611040	4023298	0.000230
0.0079125	4633102	4026828	0.000228
0.0079150	4637515	4034770	0.000229
0.0079725	4633102	4040507	0.000229
0.0079250	4624277	4046243	0.000228
0.0079400	4655165	4053744	0.000230
0.0079650	4655165	4058598	0.000231
0.0079325	4659577	4063893	0.000230
0.0079400	4646340	4079336	0.000228
0.0079700	4672815	4090809	0.000233
0.0079800	4672815	4092133	0.000231
0.0079675	4708115	4098751	0.000234
0.0079850	4703702	4104487	0.000233
0.0080150	4699290	4109341	0.000232
0.0080425	4703702	4122137	0.000233
0.0080200	4730177	4130521	0.000234
0.0080125	4721352	4133169	0.000234
0.0080325	4747827	4139346	0.000235
0.0080750	4739002	4144200	0.000236
0.0080900	4752239	4149054	0.000237
0.0080500	4739002	4162732	0.000237
0.0080800	4769889	4173763	0.000238
0.0080725	4752239	4176852	0.000236
0.0080825	4787539	4182147	0.000239
0.0080750	4791952	4189207	0.000240
0.0081325	4796364	4196708	0.000238
0.0081125	4791952	4198915	0.000238
0.0081150	4818427	4200238	0.000239
0.0081375	4805189	4193620	0.000240
0.0081650	4849314	4191855	0.000242
0.0081100	4840489	4198915	0.000241
0.0081550	4831664	4203768	0.000239
0.0081350	4844901	4216123	0.000243
0.0081550	4871376	4229361	0.000243
0.0081600	4858139	4229802	0.000244
0.0082300	4884614	4235538	0.000241
0.0081875	4889026	4252747	0.000245
0.0082075	4880201	4271720	0.000245
0.0081750	4884614	4295107	0.000244
0.0082275	4906676	4315404	0.000247
0.0082225	4906676	4319375	0.000243
0.0082750	4941976	4325553	0.000247
0.0082575	4924326	4336584	0.000248
0.0082175	4933151	4342761	0.000248
0.0082275	4924326	4356440	0.000249
0.0082675	4955213	4367030	0.000246
0.0083125	4950801	4369677	0.000249
0.0082700	4986101	4371001	0.000250
0.0083325	4981688	4367912	0.000251
0.0083050	4972863	4365265	0.000254
0.0082575	4972863	4368795	0.000251
0.0082925	5003751	4373649	0.000252
0.0082975	5003751	4366147	0.000252
0.0083500	5021401	4364382	0.000253
0.0083600	5012576	4370560	0.000253
0.0083625	5021401	4377179	0.000252
0.0083850	5016988	4382032	0.000253
0.0084150	5039050	4387769	0.000253
0.0083575	5030225	4405419	0.000254
0.0083675	5069938	4421303	0.000256
0.0084175	5061113	4425275	0.000255
0.0083925	5052288	4427040	0.000255
0.0084025	5052288	4429246	0.000256
0.0084200	5096413	4431452	0.000259
0.0084525	5074350	4437188	0.000256
0.0084375	5078763	4442483	0.000257
0.0084075	5083175	4453515	0.000257
0.0084150	5105238	4461457	0.000258
0.0084225	5100825	4456603	0.000257
0.0084550	5122888	4455721	0.000260
0.0084700	5131712	4466311	0.000258
0.0084850	5131712	4474253	0.000258
0.0084850	5131712	4497198	0.000259
0.0084950	5144950	4517054	0.000259
0.0084725	5140537	4517937	0.000262
0.0085050	5175837	4522349	0.000264
0.0085175	5171425	4531615	0.000264
0.0085225	5175837	4541323	0.000261
0.0085050	5158187	4550148	0.000262
0.0085425	5193487	4555002	0.000264
0.0085425	5193487	4555002	0.000265
0.0085625	5228787	4559414	0.000268
0.0085550	5215550	4567356	0.000264
0.0085875	5219962	4573534	0.000265
0.0085975	5211137	4588978	0.000264
0.0085825	5242024	4598244	0.000266
0.0085675	5237612	4598685	0.000266
0.0085825	5281737	4601774	0.000269
0.0086500	5268499	4619865	0.000266
0.0085825	5268499	4637515	0.000268
0.0086050	5264087	4661342	0.000269
0.0086400	5294974	4678551	0.000267
0.0086375	5286149	4680316	0.000270
0.0086575	5317037	4684287	0.000271
0.0086450	5312624	4693112	0.000274
0.0086650	5321449	4705908	0.000272
0.0086700	5303799	4724441	0.000271
0.0086675	5343511	4740767	0.000274
0.0086600	5330274	4741208	0.000272
0.0087200	5365574	4746062	0.000275
0.0087050	5352336	4753563	0.000274
0.0086800	5352336	4764594	0.000273
0.0087250	5356749	4780920	0.000274
0.0086875	5374399	4795923	0.000276
0.0087400	5387636	4798129	0.000275
0.0087675	5414111	4801218	0.000277
0.0087675	5405286	4810484	0.000274
0.0087275	5396461	4817103	0.000277
0.0087475	5396461	4832546	0.000276
0.0087875	5436173	4845343	0.000279
0.0088050	5427349	4848431	0.000279
0.0088175	5467061	4852844	0.000281
0.0087825	5449411	4861228	0.000279
0.0087875	5449411	4868288	0.000281
0.0087625	5440586	4875347	0.000281
0.0087925	5467061	4883290	0.000282
0.0088325	5480298	4888144	0.000280
0.0088300	5511186	4896086	0.000282
0.0088400	5502361	4896969	0.000281
0.0088375	5502361	4898734	0.000283
0.0088425	5493536	4900499	0.000287
0.0088050	5528836	4901822	0.000283
0.0088775	5515598	4905352	0.000282
0.0088675	5515598	4913295	0.000285
0.0088950	5520011	4928297	0.000283
0.0088575	5550898	4940211	0.000287
0.0088975	5542073	4941093	0.000283
0.0089325	5577373	4945506	0.000289
0.0089325	5581785	4963156	0.000287
0.0089200	5572960	4976834	0.000291
0.0088800	5564135	4990513	0.000288
0.0089175	5608260	5003309	0.000289
0.0089500	5603848	5001103	0.000287
0.0089550	5630323	5001103	0.000292
0.0089675	5625910	5011252	0.000294
0.0089675	5625910	5017871	0.000290
0.0089725	5621498	5034197	0.000290
0.0089525	5656797	5046552	0.000294
0.0089975	5643560	5043463	0.000293
0.0090125	5678860	5045669	0.000294
0.0090125	5670035	5063319	0.000294
0.0090300	5665622	5081410	0.000296
0.0089925	5665622	5102149	0.000291
0.0090275	5692097	5120681	0.000297
0.0090325	5683272	5120240	0.000296
0.0090600	5731810	5123329	0.000297
0.0090600	5722985	5132595	0.000298
0.0090625	5731810	5141420	0.000295
0.0090575	5727397	5158187	0.000299
0.0091125	5749459	5173190	0.000298
0.0090625	5745047	5172749	0.000298
0.0090850	5771522	5172749	0.000300
0.0091125	5771522	5186427	0.000302
0.0090650	5762697	5193487	0.000299
0.0091300	5771522	5210255	0.000298
0.0090950	5789172	5225698	0.000302
0.0091325	5793584	5226140	0.000303
0.0091400	5833297	5229670	0.000306
0.0091275	5828884	5238494	0.000302
0.0091375	5815647	5245996	0.000303
0.0091425	5828884	5259674	0.000304
0.0091500	5855359	5271588	0.000303
0.0091800	5850946	5268941	0.000304
0.0091950	5877421	5272029	0.000306
0.0091875	5881834	5277324	0.000306
0.0091825	5868596	5283060	0.000307
0.0092200	5881834	5296298	0.000306
0.0092625	5908309	5306005	0.000307
0.0092450	5895071	5303358	0.000308
0.0092600	5939196	5305123	0.000308
0.0092425	5912721	5313065	0.000308
0.0092375	5903896	5319684	0.000308
0.0092725	5921546	5327627	0.000309
0.0092625	5943609	5336451	0.000311
0.0092650	5943609	5345276	0.000309
0.0093325	5961258	5353219	0.000313
0.0092850	5956846	5359396	0.000312
0.0093150	5965671	5365574	0.000311
0.0092625	5952433	5372634	0.000313
0.0093000	5974496	5379253	0.000314
0.0093375	5987733	5387195	0.000312
0.0093175	5983321	5394696	0.000314
0.0092925	5974496	5409257	0.000314
0.0093925	5996558	5419406	0.000314
0.0093450	6018621	5418524	0.000316
0.0093325	6018621	5423819	0.000317
0.0093450	6036271	5432644	0.000315
0.0093300	6040683	5441468	0.000318
0.0093950	6031858	5458677	0.000317
0.0093800	6036271	5470591	0.000316
0.0094075	6058333	5468385	0.000317
0.0093875	6075983	5472356	0.000319
0.0093850	6080395	5478533	0.000318
0.0093900	6071570	5485593	0.000320
0.0093925	6075983	5503243	0.000318
0.0094075	6098045	5515598	0.000321
0.0094225	6102458	5518246	0.000322
0.0094650	6120108	5523541	0.000326
0.0095075	6120108	5533689	0.000322
0.0094800	6120108	5544720	0.000323
0.0094950	6124520	5562812	0.000320
0.0094625	6137758	5575608	0.000324
0.0095175	6150995	5578697	0.000323
0.0094700	6164232	5584874	0.000324
0.0095075	6181882	5593699	0.000325
0.0094925	6168645	5602083	0.000328
0.0095025	6168645	5619733	0.000327
0.0095225	6195120	5635176	0.000326
0.0095000	6203945	5635618	0.000328
0.0095575	6226007	5642236	0.000329
0.0095275	6226007	5653267	0.000328
0.0095800	6230420	5665181	0.000328
0.0095750	6221595	5680625	0.000327
0.0095525	6230420	5694303	0.000330
0.0095775	6261307	5696510	0.000331
0.0095650	6252482	5700481	0.000332
0.0095925	6274544	5709747	0.000330
0.0096050	6283369	5715925	0.000331
0.0095950	6283369	5734457	0.000332
0.0096125	6296607	5748136	0.000332
0.0096200	6305432	5749459	0.000336
0.0096825	6318669	5752989	0.000335
0.0096425	6331907	5767109	0.000334
0.0096950	6327494	5776376	0.000334
0.0096075	6323082	5794026	0.000334
0.0096725	6336319	5809910	0.000339
0.0096750	6358382	5811234	0.000338
0.0096725	6367206	5818294	0.000339
0.0097100	6384856	5828443	0.000336
0.0096850	6376031	5839033	0.000336
0.0097225	6380444	5850064	0.000337
0.0097300	6389269	5860213	0.000340
0.0097575	6393681	5865066	0.000339
0.0097425	6428981	5872568	0.000343
0.0097625	6433394	5882275	0.000339
0.0097325	6420156	5890659	0.000342
0.0097275	6424569	5899925	0.000342
0.0097400	6451044	5910074	0.000343
0.0097675	6451044	5920222	0.000340
0.0097700	6451044	5924194	0.000343
0.0097500	6442219	5939637	0.000341
0.0097925	6473106	5953757	0.000345
0.0097975	6477518	5956846	0.000344
0.0097925	6477518	5961258	0.000346
0.0098000	6512818	5968318	0.000347
0.0097875	6495168	5974496	0.000346
0.0098175	6512818	5991705	0.000346
0.0098200	6517231	6003618	0.000347
0.0098300	6534881	6002736	0.000349
0.0098550	6556943	6009796	0.000347
0.0098575	6565768	6019944	0.000349
0.0098325	6556943	6030976	0.000349
0.0098675	6552531	6046419	0.000349
0.0098650	6570180	6061863	0.000351
0.0099175	6583418	6063187	0.000350
0.0098725	6596655	6070688	0.000352
0.0098825	6614305	6080837	0.000353
0.0098875	6605480	6089220	0.000353
0.0098700	6601068	6104664	0.000352
0.0099225	6614305	6118343	0.000354
0.0098950	6623130	6117460	0.000355
0.0099575	6654018	6118343	0.000354
0.0099650	6654018	6130256	0.000356
0.0099325	6658430	6141729	0.000355
0.0099300	6654018	6158937	0.000356
0.0099425	6667255	6170851	0.000358
0.0100125	6702555	6168204	0.000356
0.0100375	6698142	6171292	0.000358
0.0099800	6711380	6184530	0.000360
0.0099950	6720205	6194679	0.000360
0.0099950	6715792	6213211	0.000358
0.0100375	6737855	6225566	0.000360
0.0100100	6733442	6225566	0.000362
0.0100225	6746680	6229978	0.000362
0.0100550	6764330	6242775	0.000364
0.0100125	6759917	6255571	0.000361
0.0100625	6773154	6273662	0.000362
0.0100750	6781979	6287782	0.000362
0.0100875	6795217	6285134	0.000361
0.0101300	6808454	6287782	0.000364
0.0101075	6830517	6296607	0.000365
0.0100900	6812867	6308079	0.000368
0.0101075	6817279	6326170	0.000364
0.0101150	6839342	6338525	0.000367
0.0101550	6848167	6338084	0.000367
0.0101650	6852579	6341173	0.000368
0.0101075	6865817	6353969	0.000370
0.0101675	6883466	6365883	0.000368
0.0101425	6870229	6383974	0.000369
0.0101850	6892291	6398976	0.000370
0.0101550	6901116	6399859	0.000371
0.0101750	6914354	6403830	0.000373
0.0101975	6927591	6415744	0.000372
0.0101575	6927591	6425892	0.000371
0.0101600	6923179	6435600	0.000371
0.0102000	6936416	6446190	0.000375
0.0102125	6954066	6454574	0.000373
0.0102450	6971716	6463398	0.000374
0.0102225	6989366	6472665	0.000376
0.0102575	6984953	6480607	0.000374
0.0102425	6976128	6487226	0.000373
0.0102175	6993778	6495610	0.000378
0.0102250	7002603	6503111	0.000375
0.0102600	7011428	6514583	0.000377
0.0102350	7002603	6529144	0.000375
0.0102975	7020253	6541941	0.000378
0.0102600	7037903	6540176	0.000378
0.0102950	7051141	6543706	0.000380
0.0103050	7068791	6557384	0.000378
0.0102925	7055553	6565768	0.000381
0.0103225	7068791	6585624	0.000380
0.0103125	7077615	6599303	0.000381
0.0103100	7086440	6598420	0.000384
0.0103650	7104090	6599744	0.000384
0.0103600	7112915	6611217	0.000381
0.0103450	7104090	6620924	0.000384
0.0103250	7117328	6641663	0.000384
0.0103625	7139390	6658430	0.000385
0.0104225	7139390	6654900	0.000384
0.0103675	7161453	6660195	0.000387
0.0104000	7174690	6668579	0.000388
0.0104300	7161453	6680051	0.000385
0.0104200	7170278	6699466	0.000388
0.0103925	7170278	6713145	0.000386
0.0104525	7201165	6714027	0.000388
0.0104275	7205577	6717116	0.000390
0.0104500	7218815	6725941	0.000389
0.0104275	7214402	6733442	0.000392
0.0104300	7209990	6750651	0.000391
0.0104750	7240877	6766536	0.000393
0.0104750	7236465	6767418	0.000389
0.0104525	7254115	6769624	0.000394
0.0104875	7271765	6779773	0.000393
0.0104750	7271765	6790804	0.000395
0.0104875	7258527	6808896	0.000394
0.0104975	7280590	6821692	0.000395
0.0105225	7289414	6821250	0.000396
0.0105550	7324714	6823457	0.000396
0.0105650	7324714	6836253	0.000397
0.0105350	7333539	6846843	0.000396
0.0105250	7315889	6862728	0.000396
0.0105575	7337952	6876848	0.000396
0.0105700	7342364	6872435	0.000399
0.0105800	7355602	6872876	0.000400
0.0105925	7382077	6879495	0.000398
0.0105625	7355602	6890526	0.000401
0.0105800	7368839	6898910	0.000398
0.0106350	7373252	6909941	0.000400
0.0106175	7382077	6917443	0.000401
0.0106250	7439439	6922296	0.000403
0.0105950	7430614	6930680	0.000403
0.0106250	7417376	6938181	0.000405
0.0106350	7430614	6946565	0.000403
0.0106100	7426201	6952742	0.000405
0.0106875	7448264	6962009	0.000405
0.0106575	7443851	6967304	0.000402
0.0106600	7452676	6984953	0.000404
0.0106700	7461501	6998191	0.000407
0.0107050	7465914	6995985	0.000406
0.0107550	7492388	6997750	0.000408
0.0107225	7496801	7010546	0.000407
0.0106925	7501213	7023342	0.000409
0.0107175	7487976	7039668	0.000407
0.0107125	7505626	7056877	0.000409
0.0107100	7510038	7053347	0.000409
0.0107150	7536513	7059083	0.000410
0.0107725	7545338	7068349	0.000413
0.0107675	7545338	7077615	0.000412
0.0107400	7554163	7093500	0.000412
0.0107625	7571813	7107620	0.000413
0.0107600	7576226	7101884	0.000412
0.0108050	7602700	7100119	0.000417
0.0107925	7611525	7110268	0.000414
0.0107825	7598288	7119534	0.000415
0.0107950	7602700	7140273	0.000413
0.0108325	7615938	7154393	0.000418
0.0108100	7620350	7150863	0.000415
0.0108325	7660063	7152186	0.000416
0.0108475	7664475	7165424	0.000418
0.0108700	7677713	7177779	0.000416
0.0108450	7660063	7200724	0.000418
0.0108375	7677713	7218374	0.000419
0.0108300	7690950	7219256	0.000422
0.0108875	7699775	7224551	0.000420
0.0108600	7726250	7234258	0.000419
0.0108775	7708600	7242201	0.000419
0.0109000	7730662	7262498	0.000420
0.0109175	7735075	7277942	0.000423
0.0108825	7735075	7274412	0.000422
0.0109300	7765962	7276618	0.000424
0.0109675	7774787	7285002	0.000425
0.0109400	7779200	7294709	0.000424
0.0109175	7761550	7310153	0.000423
0.0109925	7796849	7317654	0.000426
0.0109950	7801262	7313683	0.000426
0.0109900	7810087	7313683	0.000427
0.0109975	7823324	7322508	0.000428
0.0110150	7827737	7330892	0.000427
0.0109625	7818912	7347218	0.000428
0.0109725	7832149	7356484	0.000428
0.0110125	7845387	7352072	0.000430
0.0110550	7867449	7351630	0.000432
0.0110250	7871862	7364427	0.000431
0.0110325	7880687	7378988	0.000431
0.0110450	7867449	7390901	0.000431
0.0110625	7876274	7402815	0.000431
0.0110350	7898336	7409434	0.000431
0.0110675	7924811	7415170	0.000436
0.0111175	7933636	7424436	0.000433
0.0111075	7933636	7435909	0.000435
0.0110525	7938049	7445616	0.000435
0.0111050	7955699	7453559	0.000439
0.0111125	7955699	7463707	0.000436
0.0111050	7955699	7473415	0.000433
0.0111500	7968936	7487976	0.000434
0.0111325	7977761	7500772	0.000437
0.0111075	7982174	7500772	0.000438
0.0111825	8008648	7503861	0.000439
0.0111300	8017473	7517098	0.000440
0.0111325	8008648	7529012	0.000439
0.0111700	8017473	7550633	0.000441
0.0111925	8026298	7567842	0.000441
0.0112025	8043948	7563871	0.000440
0.0112075	8070423	7565636	0.000444
0.0112000	8057186	7580197	0.000441
0.0112175	8074836	7592110	0.000441
0.0112050	8057186	7613290	0.000444
0.0112075	8083661	7633147	0.000444
0.0111950	8083661	7631823	0.000445
0.0112250	8105723	7636677	0.000445
0.0112200	8114548	7642413	0.000447
0.0112475	8110135	7651679	0.000445
0.0112350	8105723	7671094	0.000446
0.0112475	8127785	7685655	0.000449
0.0112950	8149848	7683008	0.000447
0.0112975	8171910	7686096	0.000452
0.0112325	8176323	7696686	0.000450
0.0113075	8180735	7706394	0.000450
0.0112900	8167498	7723602	0.000452
0.0113375	8193973	7736840	0.000451
0.0113150	8198385	7738164	0.000453
0.0113325	8224860	7740370	0.000456
0.0113400	8233685	7752725	0.000454
0.0113500	8229272	7763315	0.000455
0.0114025	8233685	7782288	0.000451
0.0113550	8242510	7796408	0.000457
0.0113875	8251335	7791555	0.000454
0.0113850	8277810	7794202	0.000457
0.0114250	8282222	7806116	0.000456
0.0113950	8282222	7817588	0.000458
0.0113675	8277810	7835679	0.000457
0.0114150	8299872	7848917	0.000458
0.0114375	8299872	7843181	0.000458
0.0114675	8343997	7842298	0.000460
0.0114425	8339584	7850682	0.000463
0.0114250	8335172	7859948	0.000458
0.0114375	8339584	7880687	0.000457
0.0114300	8352822	7894807	0.000463
0.0114625	8361647	7891277	0.000460
0.0114675	8414596	7890835	0.000462
0.0115150	8405772	7901425	0.000463
0.0114775	8401359	7914663	0.000463
0.0115175	8401359	7934078	0.000461
0.0115350	8405772	7950404	0.000467
0.0115000	8423421	7949962	0.000467
0.0115200	8436659	7950404	0.000468
0.0115675	8441071	7960111	0.000465
0.0115500	8436659	7967171	0.000466
0.0114975	8445484	7977320	0.000466
0.0115700	8467546	7987469	0.000468
0.0115500	8463134	7994970	0.000469
0.0116125	8502846	7999824	0.000469
0.0115375	8489609	8006883	0.000470
0.0115825	8494021	8015267	0.000470
0.0115975	8498434	8021445	0.000470
0.0116175	8516083	8028946	0.000472
0.0116150	8533733	8036006	0.000470
0.0116175	8533733	8043507	0.000471
0.0115900	8511671	8058509	0.000471
0.0116200	8524908	8069099	0.000474
0.0116150	8546971	8066011	0.000475
0.0116725	8577858	8069099	0.000475
0.0115925	8569033	8081896	0.000475
0.0116800	8573446	8091603	0.000475
0.0116425	8569033	8112342	0.000474
0.0116825	8582271	8126462	0.000475
0.0116475	8586683	8124697	0.000477
0.0117100	8644045	8125579	0.000479
0.0116850	8626395	8136610	0.000476
0.0117225	8626395	8146318	0.000479
0.0116750	8617570	8168821	0.000477
0.0117125	8639633	8186471	0.000478
0.0116975	8648458	8183824	0.000479
0.0117200	8666108	8186913	0.000480
0.0117175	8670520	8195738	0.000481
0.0117200	8670520	8208534	0.000482
0.0117250	8670520	8225742	0.000481
0.0117950	8692583	8242510	0.000482
0.0117325	8701408	8236774	0.000484
0.0117850	8719057	8239862	0.000485
0.0117775	8732295	8250452	0.000481
0.0117650	8719057	8258836	0.000483
0.0117950	8732295	8276927	0.000482
0.0117725	8754357	8291488	0.000488
0.0117925	8749945	8289723	0.000487
0.0118150	8763182	8292812	0.000488
0.0118225	8780832	8304726	0.000488
0.0118350	8785245	8315757	0.000486
0.0118725	8780832	8340908	0.000486
0.0118650	8802895	8358999	0.000491
0.0118750	8798482	8355028	0.000489
0.0118800	8833782	8357676	0.000492
0.0118625	8824957	8370030	0.000490
0.0118875	8833782	8380179	0.000490
0.0118175	8833782	8403124	0.000489
0.0119150	8847019	8420774	0.000494
0.0118950	8847019	8420774	0.000491
0.0119375	8864669	8424745	0.000493
0.0119300	8886732	8433129	0.000496
0.0119050	8886732	8442395	0.000494
0.0119675	8882319	8453868	0.000493
0.0119900	8899969	8463134	0.000497
0.0119800	8908794	8475047	0.000493
0.0119625	8917619	8485196	0.000496
0.0119700	8944094	8490932	0.000498
0.0119750	8930856	8496227	0.000498
0.0119825	8930856	8503729	0.000496
0.0120375	8961744	8509906	0.000499
0.0119950	8974981	8521820	0.000500
0.0120050	8961744	8530645	0.000499
0.0119925	8961744	8546088	0.000498
0.0120075	8974981	8560208	0.000500
0.0120075	8988219	8553590	0.000501
0.0120400	9001456	8552266	0.000503
0.0120375	9014694	8567709	0.000501
0.0120300	9019106	8580506	0.000504
0.0120300	9014694	8602568	0.000503
0.0120900	9023519	8621542	0.000503
0.0120925	9045581	8619335	0.000504
0.0121000	9063231	8622424	0.000508
0.0120700	9067643	8632132	0.000504
0.0120800	9085293	8642280	0.000507
0.0120950	9080881	8666549	0.000508
0.0121175	9072056	8686405	0.000507
0.0121450	9094118	8681551	0.000507
0.0121550	9116181	8682875	0.000511
0.0121325	9125006	8693465	0.000506
0.0121525	9120593	8701849	0.000509
0.0121325	9111768	8722146	0.000508
0.0121575	9151480	8736707	0.000511
0.0121600	9155893	8737590	0.000511
0.0122175	9177955	8739796	0.000513
0.0121800	9182368	8748621	0.000512
0.0121750	9177955	8755681	0.000514
0.0121825	9182368	8775537	0.000513
0.0121775	9195605	8791863	0.000515
0.0122100	9213255	8788333	0.000514
0.0122125	9230905	8789216	0.000516
0.0122175	9235317	8801130	0.000516
0.0122200	9235317	8813485	0.000517
0.0122475	9239730	8829369	0.000516
0.0122600	9248555	8843931	0.000517
0.0123000	9270617	8835547	0.000517
0.0123075	9279442	8836871	0.000521
0.0122425	9279442	8845696	0.000518
0.0122650	9297092	8854962	0.000521
0.0123000	9292680	8873053	0.000518
0.0123050	9310330	8888938	0.000522
0.0123275	9314742	8882760	0.000521
0.0123675	9372104	8880554	0.000522
0.0123275	9345629	8895115	0.000523
0.0122900	9345629	8909677	0.000523
0.0123350	9345629	8934828	0.000522
0.0123300	9350042	8951595	0.000523
0.0123300	9367692	8947624	0.000523
0.0123700	9385342	8947183	0.000525
0.0123500	9398579	8959979	0.000526
0.0123825	9394167	8973658	0.000528
0.0123825	9394167	8984247	0.000527
0.0123950	9411817	8998367	0.000528
0.0123850	9420642	9007192	0.000527
0.0124575	9442704	9014694	0.000529
0.0123975	9447116	9021754	0.000530
0.0124250	9447116	9027931	0.000527
0.0124375	9438291	9033667	0.000529
0.0124375	9451529	9040286	0.000530
0.0124525	9473591	9047787	0.000530
0.0123850	9451529	9053965	0.000528
0.0124200	9460354	9074703	0.000531
0.0124950	9491241	9087499	0.000532
0.0124425	9478004	9085293	0.000530
0.0124750	9526541	9085734	0.000535
0.0124850	9522129	9098089	0.000532
0.0125175	9526541	9112651	0.000532
0.0125200	9522129	9137802	0.000535
0.0125500	9530954	9158099	0.000535
0.0125125	9548603	9154569	0.000534
0.0125800	9579491	9155452	0.000536
0.0125575	9579491	9164277	0.000538
0.0125375	9566253	9175308	0.000537
0.0125625	9575078	9195164	0.000538
0.0125475	9583903	9212814	0.000538
0.0125825	9601553	9210166	0.000535
0.0126150	9610378	9211931	0.000543
0.0125700	9628028	9223845	0.000538
0.0125700	9614791	9233994	0.000540
0.0126325	9623616	9256939	0.000538
0.0125825	9636853	9274589	0.000541
0.0126050	9645678	9270617	0.000546
0.0126575	9672153	9269294	0.000543
0.0126050	9676565	9283413	0.000543
0.0126225	9663328	9294003	0.000544
0.0126525	9658915	9314742	0.000541
0.0126475	9689803	9332833	0.000543
0.0126250	9698628	9329745	0.000545
0.0126400	9716278	9330627	0.000547
0.0126825	9733928	9341217	0.000546
0.0126975	9720690	9352689	0.000546
0.0127250	9729515	9375193	0.000545
0.0127225	9738340	9393284	0.000546
0.0126925	9738340	9387989	0.000549
0.0126875	9773640	9389754	0.000549
0.0127550	9782465	9402992	0.000548
0.0127100	9778052	9413140	0.000550
0.0127475	9782465	9435644	0.000550
0.0127275	9778052	9455941	0.000550
0.0127225	9791290	9455059	0.000550
0.0127875	9831002	9456383	0.000555
0.0127775	9831002	9466973	0.000555
0.0128100	9831002	9480651	0.000551
0.0127800	9835415	9490800	0.000552
0.0127925	9857477	9500949	0.000556
0.0127675	9853064	9509774	0.000554
0.0127975	9870714	9519040	0.000557
0.0128150	9883952	9527865	0.000557
0.0128075	9870714	9536249	0.000556
0.0128375	9879539	9545515	0.000555
0.0127800	9901602	9553457	0.000557
0.0128100	9901602	9565371	0.000559
0.0128800	9897189	9574637	0.000555
0.0128800	9888364	9596699	0.000557
0.0128500	9914839	9613026	0.000560
0.0128625	9936902	9609054	0.000558
0.0128725	9941314	9609496	0.000560
0.0128900	9963376	9620527	0.000559
0.0129000	9954551	9632441	0.000561
0.0128675	9950139	9653620	0.000559
0.0129000	9967789	9673035	0.000560
0.0128975	9981026	9669064	0.000559
0.0129725	10007501	9669505	0.000563
0.0129625	10016326	9676124	0.000564
0.0129125	9998676	9684067	0.000564
0.0129825	10003089	9707011	0.000563
0.0130125	10020739	9725544	0.000565
0.0129175	10020739	9722014	0.000565
0.0129700	10051626	9719366	0.000569
0.0129950	10064863	9729074	0.000564
0.0129500	10042801	9737016	0.000568
0.0130175	10047214	9757314	0.000566
0.0129925	10069276	9772316	0.000569
0.0129950	10073688	9770110	0.000567
0.0130025	10086926	9773199	0.000568
0.0130350	10100163	9780259	0.000568
0.0130125	10095751	9788201	0.000568
0.0130675	10100163	9805851	0.000567
0.0130675	10108988	9820853	0.000570
0.0130250	10104576	9811587	0.000571
0.0130600	10135463	9811587	0.000572
0.0130800	10144288	9820412	0.000571
0.0131000	10135463	9831885	0.000573
0.0131275	10131051	9853947	0.000572
0.0130500	10139876	9870273	0.000577
0.0131325	10161938	9864537	0.000573
0.0130800	10184000	9864978	0.000575
0.0131200	10192825	9876892	0.000576
0.0131075	10206063	9888806	0.000577
0.0131300	10184000	9917487	0.000576
0.0131325	10210475	9936460	0.000575
0.0131300	10223713	9930283	0.000576
0.0131475	10236950	9928518	0.000579
0.0131550	10236950	9939108	0.000578
0.0132000	10241363	9947050	0.000579
0.0131575	10232538	9972643	0.000579
0.0131750	10245775	9988086	0.000580
0.0132100	10263425	9982350	0.000579
0.0132125	10263425	9981909	0.000581
0.0132300	10285487	9988528	0.000583
0.0132275	10276662	9998676	0.000583
0.0132000	10281075	10024269	0.000581
0.0132450	10298725	10044125	0.000582
0.0132450	10307550	10038830	0.000581
0.0132400	10325200	10039271	0.000583
0.0132875	10342850	10045890	0.000584
0.0132525	10334025	10056480	0.000586
0.0132675	10316375	10064863	0.000583
0.0132975	10329612	10075012	0.000585
0.0132775	10342850	10083837	0.000584
0.0133300	10360499	10090456	0.000587
0.0132950	10369324	10097957	0.000584
0.0133400	10373737	10102370	0.000586
0.0133225	10373737	10108547	0.000586
0.0133350	10395799	10116489	0.000589
0.0133800	10395799	10126197	0.000587
0.0133575	10395799	10133257	0.000588
0.0133850	10391387	10155760	0.000589
0.0133300	10404624	10170763	0.000588
0.0133575	10404624	10164585	0.000588
0.0133850	10435512	10164144	0.000592
0.0133700	10448749	10170322	0.000591
0.0133725	10435512	10178264	0.000591
0.0133600	10435512	10200768	0.000588
0.0134175	10448749	10217094	0.000594
0.0133900	10439924	10208710	0.000590
0.0134300	10457574	10208269	0.000595
0.0134050	10470811	10214005	0.000595
0.0134300	10470811	10221948	0.000590
0.0133975	10466399	10241804	0.000593
0.0134425	10488461	10255041	0.000593
0.0134625	10497286	10249746	0.000595
0.0134700	10506111	10250629	0.000595
0.0134575	10510524	10261660	0.000595
0.0134800	10501699	10269161	0.000594
0.0134800	10506111	10293430	0.000595
0.0135200	10528174	10309315	0.000595
0.0134800	10536999	10304902	0.000597
0.0134950	10563474	10303579	0.000600
0.0135700	10554649	10313727	0.000597
0.0135150	10559061	10322552	0.000596
0.0135325	10554649	10346821	0.000599
0.0135325	10572298	10363147	0.000600
0.0135875	10585536	10356528	0.000598
0.0135725	10594361	10357852	0.000600
0.0135525	10603186	10367118	0.000601
0.0135375	10612011	10377708	0.000600
0.0135700	10589948	10401094	0.000601
0.0136050	10620836	10418303	0.000603
0.0135850	10629661	10412125	0.000603
0.0136050	10647311	10413890	0.000606
0.0136225	10651723	10415655	0.000603
0.0136000	10651723	10418303	0.000606
0.0136300	10656136	10435512	0.000605
0.0136650	10673785	10448749	0.000606
0.0136225	10678198	10438600	0.000605
0.0136625	10695848	10432423	0.000606
0.0136625	10713498	10439042	0.000606
0.0136550	10709085	10444337	0.000607
0.0136675	10700260	10461986	0.000606
0.0136825	10722323	10474783	0.000607
0.0136925	10722323	10471694	0.000608
0.0136775	10735560	10474341	0.000612
0.0137425	10744385	10484049	0.000611
0.0137100	10739973	10495080	0.000610
0.0137425	10744385	10517584	0.000610
0.0137475	10757623	10538322	0.000613
0.0137500	10779685	10531704	0.000609
0.0137950	10801747	10533469	0.000612
0.0137975	10792922	10544941	0.000614
0.0137700	10792922	10556414	0.000611
0.0137950	10788510	10567445	0.000612
0.0137750	10806160	10577152	0.000615
0.0138000	10814985	10585095	0.000615
0.0137925	10832635	10593037	0.000616
0.0138050	10832635	10604951	0.000617
0.0137900	10850285	10613776	0.000615
0.0138250	10837047	10624366	0.000615
0.0138125	10854697	10633191	0.000618
0.0138300	10863522	10643339	0.000617
0.0138050	10854697	10651723	0.000617
0.0138325	10854697	10675550	0.000619
0.0138425	10876759	10694083	0.000620
0.0138750	10881172	10690553	0.000617
0.0138825	10898822	10690994	0.000618
0.0138850	10903234	10698937	0.000621
0.0138800	10903234	10709085	0.000621
0.0138800	10894409	10734236	0.000618
0.0139025	10916472	10754093	0.000619
0.0139075	10929709	10749680	0.000619
0.0138975	10965009	10749680	0.000623
0.0139650	10947359	10757623	0.000621
0.0139425	10956184	10768213	0.000623
0.0139800	10947359	10791599	0.000621
0.0139450	10960597	10810131	0.000624
0.0138875	10969422	10805277	0.000626
0.0139950	10982659	10803954	0.000626
0.0139500	11004721	10813220	0.000624
0.0139675	11000309	10823368	0.000626
0.0139600	10987071	10848961	0.000626
0.0139700	11017959	10868376	0.000627
0.0139875	11013546	10864405	0.000627
0.0140050	11062084	10864846	0.000629
0.0140025	11048846	10873229	0.000628
0.0140300	11044434	10882496	0.000628
0.0140225	11053259	10906323	0.000629
0.0140800	11066496	10922208	0.000629
0.0140250	11057671	10913824	0.000629
0.0140425	11088558	10911618	0.000633
0.0140750	11092971	10916031	0.000630
0.0140625	11088558	10925738	0.000632
0.0140725	11084146	10949565	0.000631
0.0141125	11106208	10967215	0.000633
0.0141100	11119446	10963685	0.000633
0.0141025	11132683	10963685	0.000634
0.0140875	11137096	10969422	0.000636
0.0140950	11145921	10979570	0.000634
0.0140950	11137096	10988395	0.000633
0.0141200	11141508	10997661	0.000635
0.0141175	11154746	11006928	0.000635
0.0141700	11190045	11011781	0.000638
0.0141925	11194458	11018400	0.000636
0.0141700	11190045	11025901	0.000639
0.0141725	11172396	11033844	0.000636
0.0141650	11203283	11042227	0.000638
0.0141825	11198870	11051494	0.000640
0.0141825	11207695	11059877	0.000638
0.0141800	11198870	11083263	0.000638
0.0141900	11212108	11097825	0.000639
0.0142250	11225345	11090765	0.000640
0.0142225	11269470	11091206	0.000643
0.0142050	11247408	11098266	0.000642
0.0142100	11247408	11105326	0.000639
0.0142075	11247408	11129594	0.000642
0.0142675	11278295	11144597	0.000645
0.0142325	11273883	11138861	0.000643
0.0142650	11300357	11140184	0.000644
0.0142925	11304770	11146362	0.000644
0.0142600	11291532	11156952	0.000644
0.0142800	11287120	11177691	0.000641
0.0143300	11318007	11195782	0.000644
0.0142800	11326832	11190487	0.000647
0.0143275	11340070	11188722	0.000648
0.0143050	11344482	11195340	0.000647
0.0143175	11335657	11205489	0.000647
0.0143650	11335657	11228434	0.000645
0.0143950	11379782	11241671	0.000648
0.0143550	11366545	11238583	0.000647
0.0143600	11393019	11239024	0.000650
0.0143550	11393019	11254026	0.000650
0.0143825	11384195	11262851	0.000650
0.0143575	11384195	11286237	0.000652
0.0143775	11410669	11306976	0.000650
0.0143875	11406257	11301240	0.000651
0.0144000	11437144	11302122	0.000650
0.0144050	11428319	11313595	0.000651
0.0144175	11428319	11328597	0.000653
0.0144025	11423907	11349336	0.000653
0.0144375	11441557	11366545	0.000653
0.0144300	11450382	11355072	0.000652
0.0145050	11476857	11354190	0.000656
0.0144450	11485682	11363456	0.000656
0.0144900	11476857	11372281	0.000655
0.0144550	11468032	11394343	0.000653
0.0145300	11494506	11410669	0.000657
0.0144575	11503331	11403609	0.000656
0.0145325	11538631	11399638	0.000656
0.0144800	11520981	11410669	0.000659
0.0145150	11525394	11418171	0.000658
0.0145250	11520981	11443322	0.000657
0.0145850	11529806	11460089	0.000659
0.0145600	11547456	11453029	0.000659
0.0145950	11569519	11450382	0.000660
0.0145925	11573931	11436262	0.000660
0.0145525	11569519	11428761	0.000662
0.0145725	11560694	11422583	0.000659
0.0146100	11595993	11420377	0.000661
0.0145650	11587169	11395667	0.000662
0.0145950	11600406	11378900	0.000666
0.0146250	11609231	11351542	0.000663
0.0145925	11618056	11330362	0.000664
0.0146450	11604818	11312271	0.000662
0.0145875	11604818	11295504	0.000664
0.0146350	11595993	11279619	0.000664
0.0146050	11595993	11263734	0.000661
0.0145825	11600406	11250496	0.000663
0.0145875	11600406	11237259	0.000664
0.0146450	11604818	11224904	0.000660
0.0146350	11595993	11211667	0.000661
0.0146175	11595993	11198429	0.000662
0.0146200	11582756	11186515	0.000662
0.0145925	11591581	11174161	0.000663
0.0146350	11595993	11160923	0.000661
0.0146175	11587169	11151216	0.000662
0.0146075	11578344	11139743	0.000658
0.0146050	11591581	11127388	0.000662
0.0145825	11578344	11114592	0.000662
0.0146175	11582756	11102237	0.000662
0.0146200	11565106	11093853	0.000660
0.0146525	11582756	11083263	0.000659
0.0145800	11569519	11072232	0.000662
0.0146300	11573931	11061201	0.000661
0.0145850	11565106	11053259	0.000662
0.0145950	11569519	11043110	0.000661
0.0146125	11560694	11034726	0.000664
0.0146400	11565106	11026342	0.000661
0.0146325	11560694	11018400	0.000660
0.0146375	11560694	11010899	0.000659
0.0146325	11565106	10999868	0.000659
0.0146050	11551869	10991925	0.000659
0.0146225	11556281	10982659	0.000659
0.0146025	11551869	10976040	0.000660
0.0146350	11565106	10968098	0.000660
0.0146050	11547456	10960597	0.000661
0.0146125	11556281	10953537	0.000661
0.0146400	11556281	10946918	0.000658
0.0146375	11551869	10936769	0.000660
0.0145800	11547456	10928385	0.000662
0.0146275	11543044	10921767	0.000658
0.0146300	11547456	10914266	0.000662
0.0146375	11543044	10909412	0.000660
0.0146050	11543044	10900587	0.000660
0.0146200	11551869	10891321	0.000660
0.0146200	11538631	10882054	0.000662
0.0146175	11534219	10873671	0.000659
0.0146175	11529806	10864405	0.000661
0.0145875	11547456	10858668	0.000659
0.0146125	11529806	10852932	0.000658
0.0146325	11538631	10846313	0.000660
0.0146075	11525394	10838812	0.000658
0.0146125	11520981	10830870	0.000659
0.0146375	11534219	10826016	0.000658
0.0146300	11520981	10820721	0.000658
0.0146750	11529806	10814985	0.000657
0.0146700	11520981	10808366	0.000658
0.0146075	11525394	10802189	0.000658
0.0146025	11520981	10796894	0.000657
0.0146250	11520981	10788510	0.000657
0.0146525	11525394	10782332	0.000657
0.0146125	11520981	10775714	0.000661
0.0146450	11520981	10769977	0.000656
0.0146500	11529806	10762476	0.000656
0.0146375	11520981	10755416	0.000659
0.0146700	11520981	10748798	0.000658
0.0146350	11512156	10744826	0.000659
0.0146175	11520981	10737766	0.000658
0.0146325	11503331	10732030	0.000660
0.0146025	11520981	10725411	0.000657
0.0146575	11516569	10719234	0.000658
0.0146375	11512156	10714380	0.000658
0.0146175	11507744	10708203	0.000657
0.0146300	11503331	10703790	0.000659
0.0146500	11512156	10698495	0.000658
0.0146175	11512156	10691877	0.000656
0.0146050	11503331	10684817	0.000658
0.0146350	11512156	10680845	0.000656
0.0146250	11512156	10673344	0.000658
0.0146500	11512156	10670697	0.000655
0.0146175	11512156	10663196	0.000657
0.0146200	11503331	10655694	0.000656
0.0146375	11498919	10651723	0.000658
0.0146200	11498919	10644663	0.000659
0.0146450	11498919	10638927	0.000654
0.0146150	11494506	10633632	0.000657
0.0146325	11498919	10627013	0.000657
0.0146075	11503331	10620836	0.000658
0.0146525	11498919	10615541	0.000656
0.0146225	11498919	10607598	0.000655
0.0146475	11485682	10601862	0.000658
0.0146225	11494506	10596567	0.000657
0.0146425	11485682	10589066	0.000653
0.0146200	11503331	10582888	0.000655
0.0146325	11485682	10577593	0.000656
0.0146200	11498919	10576270	0.000658
0.0146450	11503331	10571857	0.000657
0.0146400	11481269	10567886	0.000655
0.0146725	11490094	10561709	0.000655
0.0146250	11481269	10556855	0.000658
0.0146525	11485682	10552442	0.000655
0.0146650	11490094	10549795	0.000655
0.0146250	11485682	10543176	0.000657
0.0146350	11476857	10540087	0.000655
0.0146225	11481269	10535234	0.000657
0.0145975	11481269	10528615	0.000656
0.0146325	11485682	10522879	0.000655
0.0146300	11468032	10515819	0.000658
0.0146575	11485682	10512730	0.000654
0.0146775	11485682	10506553	0.000655
0.0146325	11481269	10500375	0.000657
0.0145875	11468032	10492433	0.000655
0.0146175	11485682	10488020	0.000655
0.0146375	11472444	10480078	0.000653
0.0146575	11476857	10477871	0.000654
0.0146450	11468032	10473018	0.000656
0.0146225	11472444	10469046	0.000657
0.0146075	11463619	10466840	0.000655
0.0146300	11472444	10463310	0.000653
0.0146350	11454794	10461545	0.000655
0.0146225	11463619	10458457	0.000656
0.0146275	11459207	10455368	0.000655
0.0146350	11463619	10450955	0.000654
0.0146125	11472444	10448749	0.000654
0.0146800	11472444	10442572	0.000654
0.0146375	11463619	10437718	0.000654
0.0146550	11459207	10433305	0.000655
0.0146425	11463619	10427569	0.000657
0.0146825	11459207	10422274	0.000653
0.0146325	11454794	10414773	0.000654
0.0146450	11459207	10412125	0.000656
0.0146125	11463619	10405507	0.000654
0.0146375	11459207	10403301	0.000653
0.0146425	11454794	10395799	0.000653
0.0146400	11459207	10391828	0.000654
0.0146400	11459207	10385209	0.000653
0.0146325	11459207	10380356	0.000654
0.0146200	11459207	10376384	0.000656
0.0146450	11459207	10369766	0.000655
0.0146225	11459207	10365794	0.000653
0.0146275	11450382	10359176	0.000654
0.0146350	11454794	10358735	0.000654
0.0146250	11463619	10353440	0.000654
0.0146175	11441557	10352557	0.000653
0.0146400	11441557	10346821	0.000654
0.0146900	11450382	10345056	0.000651
0.0146200	11450382	10339761	0.000654
0.0146450	11441557	10334907	0.000656
0.0146400	11445969	10333142	0.000654
0.0146325	11437144	10331377	0.000652
0.0146525	11445969	10329612	0.000654
0.0146225	11432732	10322993	0.000654
0.0146650	11450382	10320787	0.000653
0.0146575	11437144	10315051	0.000652
0.0146675	11445969	10311962	0.000652
0.0146575	11450382	10306667	0.000653
0.0146325	11445969	10303137	0.000654
0.0146625	11445969	10299166	0.000653
0.0146175	11445969	10294312	0.000652
0.0146250	11423907	10289459	0.000654
0.0146400	11437144	10284605	0.000654
0.0146450	11437144	10283281	0.000653
0.0146750	11445969	10276662	0.000654
0.0146675	11437144	10275780	0.000652
0.0146700	11441557	10271809	0.000653
0.0146150	11423907	10268720	0.000653
0.0146800	11437144	10264307	0.000651
0.0147100	11432732	10262101	0.000652
0.0146450	11437144	10257689	0.000651
0.0146550	11432732	10254159	0.000655
0.0146550	11432732	10250629	0.000655
0.0146725	11432732	10245334	0.000653
0.0146550	11432732	10242245	0.000652
0.0146600	11423907	10236509	0.000652
0.0146450	11432732	10233420	0.000653
0.0146850	11432732	10228566	0.000650
0.0146575	11432732	10226801	0.000654
0.0146500	11423907	10221506	0.000651
0.0146375	11423907	10220183	0.000653
0.0146525	11428319	10217094	0.000653
0.0146325	11410669	10212240	0.000652
0.0146325	11432732	10210034	0.000652
0.0146925	11419494	10206063	0.000650
0.0146550	11428319	10201650	0.000651
0.0146425	11432732	10194590	0.000654
0.0146075	11415082	10192825	0.000652
0.0146550	11415082	10188413	0.000650
0.0146675	11419494	10184883	0.000653
0.0146725	11423907	10178705	0.000650
0.0146500	11428319	10172969	0.000654
0.0146500	11415082	10169880	0.000653
0.0146475	11419494	10165909	0.000652
0.0146700	11419494	10164144	0.000650
0.0146325	11410669	10162820	0.000651
0.0146700	11410669	10163703	0.000650
0.0146675	11415082	10159290	0.000653
0.0146300	11406257	10157084	0.000653
0.0146375	11397432	10152672	0.000653
0.0146450	11423907	10151348	0.000653
0.0147025	11419494	10148259	0.000650
0.0146525	11415082	10146053	0.000650
0.0146500	11410669	10139434	0.000652
0.0146575	11410669	10135904	0.000650
0.0146725	11410669	10132816	0.000649
0.0146475	11415082	10128403	0.000652
0.0146450	11406257	10125756	0.000652
0.0146325	11406257	10122226	0.000649
0.0146500	11419494	10119578	0.000652
0.0146350	11401844	10115166	0.000651
0.0146550	11410669	10110753	0.000651
0.0146725	11410669	10105017	0.000651
0.0146250	11406257	10101928	0.000651
0.0146500	11415082	10096192	0.000652
0.0146300	11406257	10089573	0.000653
0.0146625	11410669	10086926	0.000653
0.0146600	11397432	10084720	0.000650
0.0146700	11401844	10082072	0.000653
0.0146650	11397432	10078542	0.000647
0.0146950	11410669	10077660	0.000649
0.0146725	11406257	10076336	0.000652
0.0146375	11401844	10074571	0.000650
0.0146500	11410669	10072365	0.000652
0.0146725	11401844	10070600	0.000651
0.0146325	11388607	10071041	0.000651
0.0146500	11397432	10067952	0.000651
0.0146950	11393019	10066187	0.000649
0.0146500	11401844	10061775	0.000651
0.0146925	11401844	10059568	0.000650
0.0146800	11401844	10054715	0.000650
0.0146600	11401844	10052508	0.000651
0.0146575	11401844	10050302	0.000651
0.0146575	11393019	10048537	0.000648
0.0146525	11388607	10045449	0.000653
0.0146600	11397432	10041919	0.000649
0.0146300	11401844	10038389	0.000650
0.0146125	11379782	10033535	0.000650
0.0146975	11393019	10033094	0.000648
0.0146325	11406257	10028240	0.000651
0.0146675	11379782	10025151	0.000650
0.0146350	11384195	10022062	0.000651
0.0146575	11406257	10020297	0.000650
0.0146400	11388607	10015444	0.000650
0.0147075	11397432	10014120	0.000649
0.0146725	11388607	10009707	0.000648
0.0146200	11388607	10006177	0.000650
0.0146650	11393019	10003089	0.000650
0.0146525	11384195	9996911	0.000649
0.0146575	11393019	9996911	0.000650
0.0146450	11379782	9994705	0.000649
0.0146575	11379782	9992940	0.000650
0.0146550	11388607	9987645	0.000650
0.0146450	11370957	9988969	0.000650
0.0146500	11370957	9985880	0.000651
0.0146250	11379782	9982350	0.000650
0.0146450	11379782	9977938	0.000648
0.0146225	11379782	9974849	0.000649
0.0146550	11379782	9973525	0.000652
0.0146675	11388607	9970436	0.000650
0.0146825	11393019	9965141	0.000648
0.0147100	11379782	9959846	0.000648
0.0146475	11379782	9957199	0.000649
0.0146375	11379782	9951904	0.000651
0.0146550	11379782	9947492	0.000648
0.0146600	11379782	9945727	0.000650
0.0146200	11375370	9946168	0.000651
0.0146425	11379782	9941755	0.000648
0.0146675	11384195	9938225	0.000649
0.0146525	11379782	9936460	0.000651
0.0146750	11362132	9935137	0.000647
0.0146700	11370957	9933372	0.000651
0.0146875	11375370	9930724	0.000649
0.0146700	11370957	9928518	0.000646
0.0146500	11375370	9925429	0.000650
0.0146450	11370957	9922340	0.000648
0.0146650	11366545	9916604	0.000649
0.0146475	11375370	9914398	0.000649
0.0146975	11379782	9911750	0.000649
0.0146700	11362132	9909544	0.000650
0.0146575	11366545	9906455	0.000648
0.0146450	11362132	9905132	0.000649
0.0146675	11362132	9902484	0.000648
0.0146300	11370957	9898072	0.000648
0.0146475	11366545	9896748	0.000649
0.0146525	11366545	9893659	0.000649
0.0146925	11366545	9891012	0.000648
0.0146725	11362132	9889247	0.000646
0.0146625	11362132	9886599	0.000649
0.0146475	11366545	9879539	0.000650
0.0147050	11362132	9876451	0.000647
0.0146725	11362132	9872038	0.000651
0.0146925	11353307	9870273	0.000646
0.0146550	11362132	9868949	0.000651
0.0146800	11366545	9864096	0.000648
0.0146700	11362132	9862331	0.000646
0.0146800	11353307	9860124	0.000646
0.0146950	11366545	9857036	0.000647
0.0147000	11357720	9853947	0.000648
0.0146500	11357720	9853506	0.000648
0.0146200	11348895	9849534	0.000649
0.0146900	11357720	9846446	0.000648
0.0146600	11348895	9842916	0.000648
0.0146825	11353307	9840808	0.000646
0.0147000	11362132	9840930	0.000646
0.0146800	11348895	9838566	0.000648
0.0146750	11344482	9837621	0.000647
0.0146575	11340070	9835415	0.000646
0.0147000	11357720	9833208	0.000648
0.0146925	11344482	9829531	0.000645
0.0146600	11348895	9833208	0.000648
0.0146650	11353307	9835415	0.000646
333			333			333		333