0.000000   230000    20000 0.000000
0.000002   670000   190000 -0.000019
0.000004   730000   210000 -0.000024
0.000005   750000   220000 -0.000025
0.000006   780000   230000 -0.000027
0.000007   820000   250000 -0.000030
0.000008   830000   250000 -0.000031
0.000010   880000   270000 -0.000035
0.000011   900000   280000 -0.000036
0.000012   930000   280000 -0.000038
0.000015   980000   310000 -0.000041
0.000017  1000000   310000 -0.000046
0.000018  1000000   310000 -0.000050
0.000019  1000000   310000 -0.000050
0.000021  1000000   440000 -0.000050
0.000025  1000000   470000 -0.000050
0.000030  1000000   500000 -0.000050
0.000034  1000000   530000 -0.000050
0.000039  1000000   540000 -0.000050
0.000040  1000000   560000 -0.000050
0.000044  1000000   580000 -0.000050
0.000049  1000000   610000 -0.000050
0.000053  1000000   640000 -0.000050
0.000058  1000000   670000 -0.000050
0.000062  1000000   700000 -0.000050
0.000066  1000000   730000 -0.000050
0.000067  1000000   720000 -0.000050
0.000071  1000000   760000 -0.000050
0.000076  1000000   780000 -0.000050
0.000079  1000000   810000 -0.000050
0.000084  1000000   840000 -0.000050
0.000088  1000000   870000 -0.000050
0.000092  1000000   900000 -0.000050
0.000095  1000000   920000 -0.000050
0.000096  1000000   930000 -0.000050
0.000100  1000000   950000 -0.000050
0.000104  1000000   980000 -0.000050
0.000108  1000000  1010000 -0.000050
0.000112  1000000  1040000 -0.000050
0.000117  1000000  1070000 -0.000050
0.000121  1000000  1100000 -0.000050
0.000124  1000000  1110000 -0.000050
0.000125  1000000  1130000 -0.000050
0.000128  1000000  1150000 -0.000050
0.000132  1000000  1180000 -0.000050
0.000136  1000000  1210000 -0.000050
0.000140  1000000  1240000 -0.000050
0.000143  1000000  1270000 -0.000050
0.000147  1000000  1300000 -0.000050
0.000151  1000000  1320000 -0.000050
0.000152  1000000  1320000 -0.000050
0.000154  1000000  1350000 -0.000050
0.000158  1000000  1380000 -0.000050
0.000162  1000000  1410000 -0.000050
0.000166  1000000  1440000 -0.000050
0.000170  1000000  1470000 -0.000050
0.000173  1000000  1500000 -0.000050
0.000177  1000000  1520000 -0.000050
0.000180  1000000  1550000 -0.000050
0.000184  1000000  1580000 -0.000050
0.000188  1000000  1610000 -0.000050
0.000191  1000000  1640000 -0.000050
0.000195  1000000  1670000 -0.000050
0.000198  1000000  1700000 -0.000050
0.000201  1000000  1720000 -0.000049
0.000205  1000000  1750000 -0.000049
0.000208  1000000  1780000 -0.000049
0.000209  1000000  1770000 -0.000049
0.000212  1000000  1810000 -0.000049
0.000215  1000000  1840000 -0.000049
0.000219  1000000  1870000 -0.000049
0.000222  1000000  1900000 -0.000049
0.000226  1000000  1920000 -0.000049
0.000230  1000000  1950000 -0.000049
0.000233  1000000  1980000 -0.000049
0.000237  1000000  2010000 -0.000048
0.000238  1000000  2020000 -0.000048
0.000240  1000000  2040000 -0.000048
0.000244  1000000  2070000 -0.000048
0.000247  1000000  2100000 -0.000048
0.000251  1000000  2120000 -0.000048
0.000255  1000000  2150000 -0.000048
0.000258  1000000  2180000 -0.000047
0.000262  1000000  2210000 -0.000047
0.000265  1000000  2240000 -0.000047
0.000268  1000000  2240000 -0.000046
0.000269  1000000  2260000 -0.000046
0.000274  1000000  2290000 -0.000045
0.000278  1000000  2320000 -0.000045
0.000282  1000000  2350000 -0.000044
0.000286  1000000  2320000 -0.000044
0.000287  1000000  2320000 -0.000043
0.000288  1000000  2320000 -0.000043
0.000290  1000000  2350000 -0.000043
0.000292  1000000  2380000 -0.000043
0.000294  1000000  2410000 -0.000043
0.000297  1000000  2440000 -0.000042
0.000299  1000000  2450000 -0.000042
0.000301  1000000  2460000 -0.000041
0.000305  1000000  2490000 -0.000041
0.000309  1000000  2520000 -0.000040
0.000319  1000000  2550000 -0.000036
0.000326  1000000  2580000 -0.000034
0.000329  1000000  2580000 -0.000032
0.000331  1000000  2570000 -0.000031
0.000336  1000000  2610000 -0.000029
0.000340  1000000  2620000 -0.000027
0.000341  1000000  2580000 -0.000026
0.000343  1000000  2550000 -0.000025
0.000348  1000000  2520000 -0.000022
0.000365  1000000  2510000 -0.000012
0.000368  1000000  2490000 -0.000009
0.000371  1000000  2520000 -0.000008
0.000372  1000000  2490000 -0.000007
0.000396  1000000  2470000 0.000009
0.000399  1000000  2450000 0.000011
0.000401  1000000  2410000 0.000013
0.000407  1000000  2380000 0.000018
0.000411  1000000  2350000 0.000021
0.000432  1000000  2350000 0.000036
0.000438  1000000  2320000 0.000040
0.000443  1000000  2290000 0.000044
0.000454  1000000  2270000 0.000052
0.000467  1000000  2250000 0.000060
0.000475  1000000  2240000 0.000065
0.000484  1000000  2210000 0.000072
0.000500  1000000  2180000 0.000083
0.000507  1000000  2150000 0.000088
0.000519  1000000  2120000 0.000095
0.000529  1000000  2120000 0.000102
0.000534  1000000  2130000 0.000105
0.000543  1000000  2100000 0.000110
0.000552  1000000  2070000 0.000116
0.000568  1000000  2070000 0.000125
0.000577  1000000  2040000 0.000130
0.000587  1000000  2010000 0.000137
0.000601  1000000  2000000 0.000145
0.000616  1000000  1980000 0.000153
0.000622  1000000  1950000 0.000157
0.000623  1000000  1940000 0.000158
0.000625  1000000  1950000 0.000159
0.000627  1000000  1980000 0.000159
0.000632  1000000  1950000 0.000163
0.000634  1000000  1920000 0.000164
0.000636  1000000  1930000 0.000165
0.000637  1000000  1950000 0.000166
0.000643  1000000  1930000 0.000169
0.000650  1000000  1950000 0.000173
0.000654  1000000  1920000 0.000175
0.000661  1000000  1890000 0.000180
0.000667  1000000  1930000 0.000183
0.000669  1000000  1930000 0.000183
0.000691  1000000  1950000 0.000194
0.000696  1000000  1920000 0.000197
0.000698  1000000  1900000 0.000199
0.000702  1000000  1910000 0.000201
0.000704  1000000  1930000 0.000201
0.000724  1000000  1890000 0.000212
0.000735  1000000  1880000 0.000218
0.000746  1000000  1870000 0.000224
0.000769  1000000  1870000 0.000235
0.000802  1000000  1870000 0.000250
0.000834  1000000  1870000 0.000266
0.000868  1000000  1870000 0.000282
0.000901  1000000  1860000 0.000299
0.000913  1000000  1840000 0.000305
0.000934  1000000  1830000 0.000316
0.000954  1000000  1810000 0.000326
0.000955  1000000  1780000 0.000326
0.000956  1000000  1810000 0.000327
0.000958  1000000  1840000 0.000327
0.000967  1000000  1840000 0.000332
0.000979  1000000  1870000 0.000337
0.000984  1000000  1840000 0.000341
0.000992  1000000  1870000 0.000344
0.001000  1000000  1860000 0.000348
0.001032  1000000  1860000 0.000364
0.001048  1000000  1840000 0.000371
0.001066  1000000  1840000 0.000380
0.001081  1000000  1810000 0.000387
0.001099  1000000  1810000 0.000395
0.001107  1000000  1780000 0.000400
0.001108  1000000  1750000 0.000401
0.001114  1000000  1780000 0.000403
0.001133  1000000  1800000 0.000411
0.001162  1000000  1750000 0.000425
0.001166  1000000  1750000 0.000427
0.001171  1000000  1780000 0.000428
0.001199  1000000  1770000 0.000441
0.001217  1000000  1750000 0.000449
0.001219  1000000  1720000 0.000451
0.001220  1000000  1690000 0.000452
0.001225  1000000  1720000 0.000454
0.001232  1000000  1740000 0.000456
0.001266  1000000  1720000 0.000469
0.001275  1000000  1690000 0.000474
0.001286  1000000  1670000 0.000478
0.001287  1000000  1640000 0.000479
0.001290  1000000  1670000 0.000480
0.001299  1000000  1670000 0.000483
0.001333  1000000  1660000 0.000496
0.001339  1000000  1640000 0.000500
0.001351  1000000  1660000 0.000503
0.001366  1000000  1660000 0.000509
0.001398  1000000  1660000 0.000522
0.001400  1000000  1640000 0.000523
0.001407  1000000  1670000 0.000525
0.001431  1000000  1680000 0.000534
0.001464  1000000  1670000 0.000548
0.001469  1000000  1690000 0.000550
0.001497  1000000  1700000 0.000562
0.001530  1000000  1690000 0.000575
0.001545  1000000  1660000 0.000582
0.001549  1000000  1640000 0.000585
0.001564  1000000  1630000 0.000591
0.001596  1000000  1620000 0.000604
0.001597  1000000  1610000 0.000605
0.001604  1000000  1640000 0.000607
0.001616  1000000  1610000 0.000612
0.001618  1000000  1580000 0.000613
0.001621  1000000  1610000 0.000614
0.001630  1000000  1620000 0.000616
0.001646  1000000  1640000 0.000622
0.001663  1000000  1630000 0.000629
0.001696  1000000  1630000 0.000642
0.001728  1000000  1650000 0.000654
0.001760  1000000  1670000 0.000667
0.001761  1000000  1650000 0.000668
0.001794  1000000  1670000 0.000680
0.001827  1000000  1670000 0.000694
0.001860  1000000  1680000 0.000708
0.001891  1000000  1690000 0.000720
0.001893  1000000  1680000 0.000721
0.001894  1000000  1670000 0.000722
0.001926  1000000  1670000 0.000735
0.001946  1000000  1640000 0.000743
0.001947  1000000  1610000 0.000744
0.001948  1000000  1570000 0.000745
333			333			333		333