0.000000   210000    30000 0.000000
0.000577  7500000  5260000 0.000008
0.000591  7500000  5280000 0.000009
0.000596  7500000  5320000 0.000009
0.000607  7500000  5350000 0.000010
0.000617  7500000  5370000 0.000010
0.000623  7500000  5350000 0.000010
0.000636  7500000  5370000 0.000011
0.000644  7500000  5410000 0.000011
0.000651  7500000  5400000 0.000012
0.000658  7500000  5440000 0.000012
0.000671  7500000  5470000 0.000013
0.000677  7500000  5440000 0.000013
0.000682  7500000  5470000 0.000014
0.000694  7500000  5430000 0.000015
0.000705  7500000  5460000 0.000015
0.000717  7500000  5490000 0.000016
0.000727  7500000  5530000 0.000017
0.000744  7500000  5550000 0.000018
0.000749  7500000  5580000 0.000019
0.000760  7500000  5570000 0.000019
0.000773  7500000  5590000 0.000020
0.000779  7500000  5610000 0.000021
0.000784  7500000  5590000 0.000021
0.000789  7500000  5610000 0.000022
0.000796  7500000  5590000 0.000022
0.000803  7500000  5620000 0.000023
0.000832  7500000  5590000 0.000026
0.000860  7500000  5620000 0.000028
0.000865  7500000  5650000 0.000028
0.000890  7500000  5680000 0.000030
0.000897  7500000  5660000 0.000031
0.000904  7500000  5670000 0.000032
0.000918  7500000  5650000 0.000033
0.000937  7500000  5680000 0.000035
0.000946  7500000  5540000 0.000036
0.000947  7500000  5440000 0.000036
0.000951  7500000  5590000 0.000036
0.000960  7500000  5740000 0.000037
0.000972  7500000  5650000 0.000038
0.001000  7500000  5680000 0.000041
0.001033  7500000  5700000 0.000044
0.001047  7500000  5690000 0.000045
0.001063  7500000  5730000 0.000046
0.001071  7500000  5750000 0.000047
0.001082  7500000  5780000 0.000048
0.001102  7500000  5810000 0.000049
0.001108  7500000  5780000 0.000050
0.001119  7500000  5800000 0.000051
0.001132  7500000  5830000 0.000052
0.001137  7500000  5800000 0.000052
0.001143  7500000  5830000 0.000053
0.001161  7500000  5860000 0.000055
0.001176  7500000  5830000 0.000056
0.001182  7500000  5870000 0.000056
0.001189  7500000  5840000 0.000057
0.001207  7500000  5810000 0.000059
0.001215  7500000  5830000 0.000059
0.001228  7500000  5860000 0.000060
0.001246  7500000  5890000 0.000062
0.001251  7500000  5910000 0.000063
0.001268  7500000  5890000 0.000064
0.001280  7500000  5920000 0.000065
0.001286  7500000  5890000 0.000066
0.001292  7500000  5920000 0.000066
0.001301  7500000  5900000 0.000067
0.001322  7500000  5920000 0.000069
0.001342  7500000  5890000 0.000071
0.001369  7500000  5910000 0.000074
0.001379  7500000  5890000 0.000075
0.001388  7500000  5930000 0.000076
0.001398  7500000  5900000 0.000077
0.001416  7500000  5930000 0.000078
0.001423  7500000  5910000 0.000079
0.001438  7500000  5890000 0.000081
0.001439  7500000  5800000 0.000081
0.001440  7500000  5720000 0.000081
0.001450  7500000  5940000 0.000081
0.001463  7500000  5960000 0.000083
0.001475  7500000  5930000 0.000084
0.001480  7500000  5950000 0.000085
0.001505  7500000  5970000 0.000087
0.001516  7500000  5940000 0.000088
0.001531  7500000  5960000 0.000090
0.001541  7500000  5990000 0.000091
0.001549  7500000  5970000 0.000092
0.001557  7500000  6000000 0.000092
0.001594  7500000  5960000 0.000096
0.001610  7500000  6050000 0.000098
0.001626  7500000  6080000 0.000099
0.001634  7500000  6050000 0.000100
0.001643  7500000  6090000 0.000101
0.001694  7500000  6050000 0.000106
0.001707  7500000  6080000 0.000107
0.001722  7500000  6110000 0.000108
0.001735  7500000  6080000 0.000110
0.001766  7500000  6110000 0.000113
0.001803  7500000  6130000 0.000117
0.001825  7500000  6110000 0.000119
0.001848  7500000  6130000 0.000122
0.001874  7500000  6160000 0.000125
0.001903  7500000  6130000 0.000128
0.001917  7500000  6170000 0.000129
0.001932  7500000  6130000 0.000131
0.001934  7500000  5980000 0.000131
0.001939  7500000  6080000 0.000132
0.001957  7500000  6160000 0.000133
0.001998  7500000  6200000 0.000138
0.002011  7500000  6220000 0.000140
0.002041  7500000  6260000 0.000143
0.002056  7500000  6230000 0.000145
0.002066  7500000  6260000 0.000146
0.002079  7500000  6280000 0.000147
0.002098  7500000  6250000 0.000149
0.002116  7500000  6280000 0.000151
0.002128  7500000  6300000 0.000152
0.002141  7500000  6330000 0.000154
0.002155  7500000  6360000 0.000155
0.002180  7500000  6380000 0.000158
0.002188  7500000  6360000 0.000158
0.002198  7500000  6390000 0.000160
0.002209  7500000  6370000 0.000161
0.002216  7500000  6400000 0.000162
0.002243  7500000  6430000 0.000164
0.002268  7500000  6450000 0.000167
0.002274  7500000  6420000 0.000168
0.002283  7500000  6460000 0.000169
0.002300  7500000  6430000 0.000171
0.002316  7500000  6450000 0.000172
0.002325  7500000  6480000 0.000173
0.002339  7500000  6460000 0.000175
0.002348  7500000  6480000 0.000176
0.002359  7500000  6450000 0.000177
0.002368  7500000  6480000 0.000178
0.002378  7500000  6450000 0.000179
0.002387  7500000  6490000 0.000180
0.002414  7500000  6460000 0.000183
0.002429  7500000  6310000 0.000185
0.002442  7500000  6470000 0.000186
0.002463  7500000  6500000 0.000189
0.002508  7500000  6530000 0.000194
0.002533  7500000  6450000 0.000197
0.002555  7500000  6540000 0.000199
0.002587  7500000  6510000 0.000203
0.002633  7500000  6480000 0.000209
0.002668  7500000  6450000 0.000213
0.002691  7500000  6420000 0.000216
0.002703  7500000  6450000 0.000217
0.002719  7500000  6480000 0.000219
0.002732  7500000  6470000 0.000221
0.002759  7500000  6500000 0.000224
0.002783  7500000  6520000 0.000227
0.002811  7500000  6540000 0.000231
0.002837  7500000  6570000 0.000234
333			333			333		333