0.000000   210000    10000 0.000000
0.000013   260000    30000 -0.000001
0.000022   280000    40000 -0.000002
0.000028   310000    50000 -0.000003
0.000037   360000    70000 -0.000004
0.000038   360000    70000 -0.000005
0.000044   410000    80000 -0.000006
0.000050   460000   100000 -0.000007
0.000056   510000   110000 -0.000008
0.000061   550000   130000 -0.000009
0.000062   560000   130000 -0.000009
0.000067   610000   150000 -0.000010
0.000070   640000   160000 -0.000011
0.000071   660000   160000 -0.000011
0.000075   710000   180000 -0.000012
0.000077   730000   180000 -0.000012
0.000080   760000   190000 -0.000013
0.000084   810000   210000 -0.000014
0.000087   860000   230000 -0.000014
0.000091   910000   240000 -0.000015
0.000094   960000   260000 -0.000016
0.000097  1000000   270000 -0.000017
0.000098  1010000   270000 -0.000017
0.000101  1060000   290000 -0.000018
0.000103  1090000   300000 -0.000018
0.000104  1110000   300000 -0.000019
0.000106  1160000   320000 -0.000020
0.000107  1180000   330000 -0.000020
0.000109  1210000   330000 -0.000020
0.000113  1260000   350000 -0.000021
0.000116  1310000   370000 -0.000022
0.000118  1360000   390000 -0.000023
0.000121  1410000   400000 -0.000024
0.000123  1450000   410000 -0.000024
0.000127  1510000   430000 -0.000025
0.000129  1570000   450000 -0.000026
0.000132  1620000   470000 -0.000027
0.000134  1670000   480000 -0.000028
0.000136  1720000   500000 -0.000028
0.000137  1720000   500000 -0.000028
0.000139  1770000   510000 -0.000029
0.000141  1800000   530000 -0.000030
0.000142  1820000   530000 -0.000030
0.000144  1870000   540000 -0.000031
0.000146  1880000   560000 -0.000031
0.000147  1920000   560000 -0.000032
0.000149  1970000   580000 -0.000032
0.000150  1980000   580000 -0.000033
0.000152  2020000   590000 -0.000033
0.000154  2070000   610000 -0.000034
0.000156  2120000   620000 -0.000035
0.000157  2150000   640000 -0.000035
0.000158  2170000   640000 -0.000035
0.000161  2220000   660000 -0.000036
0.000162  2240000   670000 -0.000037
0.000163  2270000   670000 -0.000037
0.000167  2320000   690000 -0.000038
0.000168  2370000   710000 -0.000038
0.000170  2420000   720000 -0.000039
0.000172  2470000   740000 -0.000040
0.000175  2510000   750000 -0.000041
0.000177  2570000   770000 -0.000041
0.000178  2590000   780000 -0.000042
0.000179  2590000   780000 -0.000042
0.000180  2620000   790000 -0.000042
0.000181  2670000   800000 -0.000043
0.000182  2680000   810000 -0.000043
0.000184  2720000   820000 -0.000043
0.000186  2770000   830000 -0.000044
0.000187  2770000   840000 -0.000044
0.000189  2820000   850000 -0.000045
0.000191  2860000   870000 -0.000046
0.000193  2920000   880000 -0.000046
0.000195  2950000   890000 -0.000047
0.000196  2970000   900000 -0.000047
0.000198  3020000   920000 -0.000048
0.000199  3030000   920000 -0.000048
0.000200  3070000   930000 -0.000049
0.000203  3120000   950000 -0.000049
0.000206  3170000   960000 -0.000050
0.000207  3220000   980000 -0.000051
0.000210  3270000   990000 -0.000051
0.000212  3300000  1010000 -0.000052
0.000214  3370000  1030000 -0.000053
0.000215  3390000  1040000 -0.000053
0.000216  3420000  1050000 -0.000054
0.000218  3470000  1060000 -0.000054
0.000219  3480000  1060000 -0.000054
0.000221  3520000  1070000 -0.000055
0.000223  3570000  1090000 -0.000056
0.000225  3620000  1110000 -0.000057
0.000228  3660000  1120000 -0.000058
0.000230  3720000  1140000 -0.000059
0.000232  3750000  1150000 -0.000059
0.000233  3770000  1150000 -0.000059
0.000235  3820000  1170000 -0.000060
0.000237  3870000  1190000 -0.000060
0.000239  3920000  1210000 -0.000061
0.000242  3970000  1220000 -0.000062
0.000243  4020000  1230000 -0.000062
0.000246  4070000  1250000 -0.000063
0.000247  4100000  1260000 -0.000063
0.000248  4120000  1270000 -0.000064
0.000251  4170000  1280000 -0.000064
0.000252  4190000  1290000 -0.000064
0.000253  4220000  1300000 -0.000065
0.000256  4270000  1320000 -0.000065
0.000258  4330000  1330000 -0.000066
0.000260  4370000  1350000 -0.000067
0.000261  4380000  1340000 -0.000067
0.000263  4430000  1360000 -0.000067
0.000265  4460000  1380000 -0.000068
0.000266  4480000  1380000 -0.000068
0.000268  4530000  1400000 -0.000069
0.000269  4550000  1400000 -0.000069
0.000271  4580000  1410000 -0.000069
0.000273  4630000  1430000 -0.000070
0.000274  4640000  1430000 -0.000070
0.000276  4680000  1440000 -0.000071
0.000279  4730000  1460000 -0.000071
0.000281  4780000  1480000 -0.000072
0.000283  4820000  1490000 -0.000072
0.000286  4880000  1510000 -0.000073
0.000287  4900000  1520000 -0.000073
0.000289  4930000  1520000 -0.000074
0.000291  4980000  1540000 -0.000075
0.000292  4990000  1540000 -0.000075
0.000301  5000000  1550000 -0.000078
0.000302  5000000  1550000 -0.000079
0.000303  5000000  1550000 -0.000080
0.000304  5000000  1550000 -0.000081
0.000306  5000000  1540000 -0.000082
0.000308  5000000  3270000 -0.000087
0.000309  5000000  3270000 -0.000088
0.000312  5000000  3300000 -0.000087
0.000313  5000000  3270000 -0.000087
0.000314  5000000  3290000 -0.000087
0.000315  5000000  3300000 -0.000088
0.000316  5000000  3300000 -0.000088
0.000317  5000000  3300000 -0.000088
0.000320  5000000  3330000 -0.000088
0.000321  5000000  3330000 -0.000088
0.000322  5000000  3330000 -0.000088
0.000323  5000000  3320000 -0.000088
0.000326  5000000  3350000 -0.000088
0.000327  5000000  3350000 -0.000088
0.000328  5000000  3360000 -0.000088
0.000329  5000000  3360000 -0.000088
0.000330  5000000  3320000 -0.000088
0.000333  5000000  3380000 -0.000088
0.000334  5000000  3380000 -0.000088
0.000336  5000000  3380000 -0.000088
0.000338  5000000  3410000 -0.000088
0.000339  5000000  3410000 -0.000088
0.000340  5000000  3410000 -0.000088
0.000341  5000000  3380000 -0.000088
0.000346  5000000  3440000 -0.000088
0.000347  5000000  3440000 -0.000088
0.000348  5000000  3410000 -0.000088
0.000349  5000000  3440000 -0.000088
0.000352  5000000  3470000 -0.000088
0.000353  5000000  3440000 -0.000088
0.000354  5000000  3460000 -0.000088
0.000361  5000000  3500000 -0.000088
0.000362  5000000  3490000 -0.000088
0.000363  5000000  3470000 -0.000089
0.000364  5000000  3470000 -0.000088
0.000369  5000000  3520000 -0.000089
0.000370  5000000  3520000 -0.000089
0.000371  5000000  3530000 -0.000089
0.000373  5000000  3500000 -0.000089
0.000375  5000000  3550000 -0.000089
0.000376  5000000  3520000 -0.000089
0.000379  5000000  3580000 -0.000089
0.000380  5000000  3580000 -0.000089
0.000381  5000000  3550000 -0.000089
0.000383  5000000  3580000 -0.000089
0.000385  5000000  3610000 -0.000089
0.000386  5000000  3610000 -0.000089
0.000387  5000000  3580000 -0.000089
0.000392  5000000  3630000 -0.000089
0.000393  5000000  3630000 -0.000089
0.000394  5000000  3630000 -0.000089
0.000395  5000000  3600000 -0.000089
0.000399  5000000  3660000 -0.000089
0.000400  5000000  3630000 -0.000089
0.000401  5000000  3630000 -0.000089
0.000402  5000000  3660000 -0.000089
0.000404  5000000  3690000 -0.000089
0.000405  5000000  3690000 -0.000089
0.000409  5000000  3710000 -0.000089
0.000410  5000000  3710000 -0.000089
0.000411  5000000  3680000 -0.000089
0.000412  5000000  3690000 -0.000089
0.000417  5000000  3740000 -0.000089
0.000418  5000000  3740000 -0.000089
0.000419  5000000  3710000 -0.000089
0.000424  5000000  3780000 -0.000089
0.000425  5000000  3770000 -0.000089
0.000426  5000000  3740000 -0.000089
0.000431  5000000  3790000 -0.000089
0.000435  5000000  3800000 -0.000089
0.000436  5000000  3800000 -0.000089
0.000440  5000000  3830000 -0.000089
0.000441  5000000  3830000 -0.000089
0.000442  5000000  3830000 -0.000089
0.000447  5000000  3860000 -0.000089
0.000448  5000000  3860000 -0.000089
0.000449  5000000  3830000 -0.000089
0.000453  5000000  3890000 -0.000089
0.000454  5000000  3890000 -0.000089
0.000455  5000000  3860000 -0.000089
0.000456  5000000  3860000 -0.000089
0.000457  5000000  3890000 -0.000089
0.000458  5000000  3830000 -0.000089
0.000459  5000000  3750000 -0.000089
0.000460  5000000  3780000 -0.000089
0.000461  5000000  3810000 -0.000089
0.000462  5000000  3840000 -0.000089
0.000463  5000000  3870000 -0.000089
0.000464  5000000  3870000 -0.000089
0.000465  5000000  3900000 -0.000089
0.000466  5000000  3870000 -0.000089
0.000467  5000000  3920000 -0.000089
0.000470  5000000  3950000 -0.000089
0.000471  5000000  3950000 -0.000089
0.000472  5000000  3920000 -0.000089
0.000474  5000000  3920000 -0.000089
0.000477  5000000  3980000 -0.000088
0.000478  5000000  3980000 -0.000088
0.000479  5000000  3980000 -0.000088
0.000480  5000000  3980000 -0.000088
0.000481  5000000  3980000 -0.000088
0.000482  5000000  3980000 -0.000088
0.000483  5000000  3950000 -0.000088
0.000487  5000000  4010000 -0.000088
0.000488  5000000  4010000 -0.000088
0.000489  5000000  4010000 -0.000088
0.000490  5000000  4010000 -0.000088
0.000493  5000000  4040000 -0.000088
0.000494  5000000  4040000 -0.000088
0.000495  5000000  4010000 -0.000088
0.000497  5000000  4000000 -0.000088
0.000499  5000000  4060000 -0.000088
0.000500  5000000  4060000 -0.000088
0.000501  5000000  4060000 -0.000088
0.000502  5000000  4030000 -0.000088
0.000503  5000000  4060000 -0.000088
0.000506  5000000  4030000 -0.000088
0.000509  5000000  4030000 -0.000088
0.000510  5000000  4090000 -0.000088
0.000511  5000000  4090000 -0.000088
0.000512  5000000  4090000 -0.000088
0.000513  5000000  4090000 -0.000088
0.000514  5000000  4060000 -0.000088
0.000515  5000000  4090000 -0.000088
0.000516  5000000  4090000 -0.000088
0.000518  5000000  4120000 -0.000087
0.000519  5000000  4120000 -0.000087
0.000520  5000000  4120000 -0.000087
0.000521  5000000  4120000 -0.000087
0.000522  5000000  4120000 -0.000087
0.000527  5000000  4150000 -0.000087
0.000528  5000000  4150000 -0.000087
0.000529  5000000  4140000 -0.000087
0.000530  5000000  4120000 -0.000087
0.000531  5000000  4150000 -0.000087
0.000538  5000000  4180000 -0.000087
0.000539  5000000  4150000 -0.000087
0.000540  5000000  4150000 -0.000087
0.000541  5000000  4180000 -0.000087
0.000546  5000000  4210000 -0.000087
0.000547  5000000  4210000 -0.000087
0.000548  5000000  4200000 -0.000086
0.000549  5000000  4180000 -0.000087
0.000550  5000000  4200000 -0.000086
0.000551  5000000  4200000 -0.000087
0.000552  5000000  4200000 -0.000086
0.000557  5000000  4230000 -0.000086
0.000558  5000000  4230000 -0.000086
0.000559  5000000  4230000 -0.000086
0.000560  5000000  4210000 -0.000086
0.000561  5000000  4230000 -0.000086
0.000562  5000000  4230000 -0.000086
0.000563  5000000  4200000 -0.000086
0.000564  5000000  4210000 -0.000086
0.000565  5000000  4200000 -0.000086
0.000570  5000000  4260000 -0.000086
0.000571  5000000  4260000 -0.000086
0.000572  5000000  4260000 -0.000086
0.000573  5000000  4230000 -0.000086
0.000574  5000000  4240000 -0.000086
0.000575  5000000  4260000 -0.000086
0.000576  5000000  4230000 -0.000085
0.000577  5000000  4260000 -0.000085
0.000578  5000000  4230000 -0.000086
0.000579  5000000  4270000 -0.000085
0.000585  5000000  4290000 -0.000085
0.000586  5000000  4290000 -0.000085
0.000587  5000000  4270000 -0.000085
0.000588  5000000  4260000 -0.000085
0.000589  5000000  4270000 -0.000085
0.000594  5000000  4320000 -0.000085
0.000595  5000000  4320000 -0.000085
0.000596  5000000  4290000 -0.000085
0.000597  5000000  4290000 -0.000084
0.000598  5000000  4290000 -0.000085
0.000599  5000000  4290000 -0.000084
0.000600  5000000  4330000 -0.000084
0.000603  5000000  4350000 -0.000084
0.000604  5000000  4350000 -0.000084
0.000605  5000000  4350000 -0.000084
0.000606  5000000  4320000 -0.000084
0.000607  5000000  4320000 -0.000084
0.000608  5000000  4360000 -0.000084
0.000609  5000000  4330000 -0.000084
0.000610  5000000  4360000 -0.000084
0.000611  5000000  4360000 -0.000084
0.000612  5000000  4330000 -0.000084
0.000615  5000000  4390000 -0.000084
0.000616  5000000  4390000 -0.000084
0.000617  5000000  4360000 -0.000084
0.000618  5000000  4390000 -0.000084
0.000619  5000000  4360000 -0.000084
0.000620  5000000  4360000 -0.000084
0.000621  5000000  4360000 -0.000083
0.000625  5000000  4400000 -0.000083
0.000626  5000000  4420000 -0.000083
0.000627  5000000  4390000 -0.000083
0.000628  5000000  4420000 -0.000083
0.000629  5000000  4420000 -0.000083
0.000630  5000000  4420000 -0.000083
0.000635  5000000  4450000 -0.000083
0.000636  5000000  4450000 -0.000083
0.000637  5000000  4450000 -0.000082
0.000638  5000000  4450000 -0.000082
0.000639  5000000  4420000 -0.000083
0.000640  5000000  4420000 -0.000082
0.000644  5000000  4420000 -0.000082
0.000646  5000000  4480000 -0.000082
0.000647  5000000  4480000 -0.000082
0.000648  5000000  4450000 -0.000082
0.000649  5000000  4480000 -0.000082
0.000650  5000000  4450000 -0.000082
0.000655  5000000  4510000 -0.000081
0.000656  5000000  4510000 -0.000081
0.000657  5000000  4510000 -0.000081
0.000658  5000000  4510000 -0.000081
0.000659  5000000  4510000 -0.000081
0.000660  5000000  4480000 -0.000081
0.000661  5000000  4510000 -0.000081
0.000662  5000000  4480000 -0.000081
0.000663  5000000  4480000 -0.000081
0.000666  5000000  4540000 -0.000081
0.000667  5000000  4540000 -0.000081
0.000668  5000000  4540000 -0.000081
0.000669  5000000  4540000 -0.000081
0.000670  5000000  4540000 -0.000081
0.000671  5000000  4540000 -0.000081
0.000672  5000000  4540000 -0.000080
0.000673  5000000  4510000 -0.000081
0.000674  5000000  4570000 -0.000081
0.000675  5000000  4570000 -0.000080
0.000676  5000000  4570000 -0.000080
0.000677  5000000  4570000 -0.000080
0.000678  5000000  4570000 -0.000080
0.000679  5000000  4570000 -0.000080
0.000680  5000000  4570000 -0.000080
0.000681  5000000  4570000 -0.000080
0.000682  5000000  4580000 -0.000080
0.000683  5000000  4540000 -0.000080
0.000685  5000000  4550000 -0.000080
0.000686  5000000  4580000 -0.000080
0.000688  5000000  4520000 -0.000080
0.000689  5000000  4520000 -0.000079
0.000690  5000000  4580000 -0.000079
0.000691  5000000  4580000 -0.000080
0.000692  5000000  4550000 -0.000079
0.000693  5000000  4550000 -0.000079
0.000694  5000000  4550000 -0.000079
0.000696  5000000  4610000 -0.000079
0.000697  5000000  4610000 -0.000079
0.000698  5000000  4610000 -0.000079
0.000699  5000000  4610000 -0.000079
0.000700  5000000  4610000 -0.000079
0.000701  5000000  4610000 -0.000079
0.000702  5000000  4610000 -0.000079
0.000703  5000000  4610000 -0.000079
0.000708  5000000  4640000 -0.000078
0.000709  5000000  4640000 -0.000078
0.000710  5000000  4640000 -0.000078
0.000711  5000000  4630000 -0.000078
0.000712  5000000  4630000 -0.000078
0.000713  5000000  4630000 -0.000078
0.000714  5000000  4610000 -0.000078
0.000719  5000000  4670000 -0.000078
0.000720  5000000  4640000 -0.000078
0.000721  5000000  4670000 -0.000078
0.000722  5000000  4640000 -0.000077
0.000723  5000000  4660000 -0.000077
0.000724  5000000  4640000 -0.000077
0.000725  5000000  4660000 -0.000077
0.000727  5000000  4690000 -0.000077
0.000728  5000000  4690000 -0.000077
0.000729  5000000  4700000 -0.000077
0.000730  5000000  4670000 -0.000077
0.000731  5000000  4700000 -0.000077
0.000732  5000000  4670000 -0.000077
0.000733  5000000  4670000 -0.000077
0.000736  5000000  4720000 -0.000076
0.000737  5000000  4720000 -0.000076
0.000738  5000000  4720000 -0.000076
0.000739  5000000  4690000 -0.000076
0.000740  5000000  4720000 -0.000076
0.000741  5000000  4690000 -0.000076
0.000745  5000000  4750000 -0.000076
0.000746  5000000  4750000 -0.000076
0.000747  5000000  4750000 -0.000076
0.000748  5000000  4750000 -0.000076
0.000749  5000000  4750000 -0.000076
0.000750  5000000  4750000 -0.000076
0.000751  5000000  4750000 -0.000075
0.000752  5000000  4720000 -0.000075
0.000753  5000000  4720000 -0.000075
0.000754  5000000  4770000 -0.000075
0.000758  5000000  4770000 -0.000075
0.000759  5000000  4770000 -0.000075
0.000761  5000000  4770000 -0.000075
0.000762  5000000  4780000 -0.000075
0.000763  5000000  4740000 -0.000075
0.000764  5000000  4770000 -0.000074
0.000765  5000000  4770000 -0.000074
0.000766  5000000  4770000 -0.000074
0.000767  5000000  4780000 -0.000074
0.000768  5000000  4780000 -0.000074
0.000769  5000000  4750000 -0.000074
0.000770  5000000  4780000 -0.000074
0.000771  5000000  4770000 -0.000074
0.000772  5000000  4760000 -0.000074
0.000776  5000000  4800000 -0.000074
0.000777  5000000  4800000 -0.000073
0.000778  5000000  4800000 -0.000073
0.000779  5000000  4770000 -0.000073
0.000780  5000000  4800000 -0.000073
0.000781  5000000  4780000 -0.000073
0.000783  5000000  4750000 -0.000073
0.000784  5000000  4720000 -0.000073
0.000786  5000000  4690000 -0.000073
0.000787  5000000  4690000 -0.000072
0.000789  5000000  4750000 -0.000072
0.000790  5000000  4750000 -0.000072
0.000791  5000000  4750000 -0.000072
0.000792  5000000  4720000 -0.000072
0.000795  5000000  4780000 -0.000072
0.000796  5000000  4780000 -0.000072
0.000797  5000000  4750000 -0.000072
0.000798  5000000  4750000 -0.000071
0.000802  5000000  4810000 -0.000071
0.000803  5000000  4810000 -0.000071
0.000804  5000000  4810000 -0.000071
0.000805  5000000  4780000 -0.000071
0.000810  5000000  4840000 -0.000070
0.000811  5000000  4840000 -0.000070
0.000812  5000000  4840000 -0.000070
0.000813  5000000  4810000 -0.000070
0.000814  5000000  4810000 -0.000070
0.000815  5000000  4810000 -0.000070
0.000816  5000000  4810000 -0.000070
0.000818  5000000  4820000 -0.000070
0.000821  5000000  4870000 -0.000070
0.000822  5000000  4870000 -0.000069
0.000823  5000000  4870000 -0.000069
0.000824  5000000  4870000 -0.000069
0.000825  5000000  4840000 -0.000069
0.000826  5000000  4850000 -0.000069
0.000827  5000000  4880000 -0.000069
0.000831  5000000  4850000 -0.000068
0.000832  5000000  4870000 -0.000068
0.000833  5000000  4870000 -0.000068
0.000839  5000000  4870000 -0.000068
0.000840  5000000  4840000 -0.000068
0.000842  5000000  4880000 -0.000067
0.000843  5000000  4870000 -0.000067
0.000844  5000000  4880000 -0.000067
0.000845  5000000  4870000 -0.000067
0.000848  5000000  4840000 -0.000067
0.000849  5000000  4900000 -0.000067
0.000851  5000000  4900000 -0.000066
0.000852  5000000  4900000 -0.000067
0.000853  5000000  4900000 -0.000066
0.000854  5000000  4900000 -0.000066
0.000855  5000000  4870000 -0.000066
0.000856  5000000  4870000 -0.000066
0.000857  5000000  4930000 -0.000066
0.000858  5000000  4930000 -0.000066
0.000859  5000000  4930000 -0.000066
0.000860  5000000  4930000 -0.000066
0.000861  5000000  4900000 -0.000065
0.000868  5000000  4900000 -0.000065
0.000869  5000000  4900000 -0.000065
0.000870  5000000  4900000 -0.000065
0.000871  5000000  4900000 -0.000064
0.000872  5000000  4930000 -0.000064
0.000873  5000000  4930000 -0.000064
0.000874  5000000  4900000 -0.000064
0.000875  5000000  4900000 -0.000064
0.000883  5000000  4960000 -0.000063
0.000884  5000000  4900000 -0.000063
0.000885  5000000  4900000 -0.000063
0.000886  5000000  4890000 -0.000062
0.000887  5000000  4900000 -0.000062
0.000892  5000000  4950000 -0.000062
0.000893  5000000  4950000 -0.000061
0.000894  5000000  4920000 -0.000061
0.000905  5000000  4980000 -0.000060
0.000906  5000000  4980000 -0.000060
0.000908  5000000  4980000 -0.000060
0.000909  5000000  4980000 -0.000060
0.000910  5000000  4980000 -0.000059
0.000911  5000000  4960000 -0.000059
0.000912  5000000  4950000 -0.000059
0.000913  5000000  4950000 -0.000059
0.000916  5000000  4950000 -0.000058
0.000917  5000000  5010000 -0.000058
0.000921  5000000  5000000 -0.000058
0.000922  5000000  5010000 -0.000058
0.000923  5000000  5010000 -0.000058
0.000924  5000000  5010000 -0.000057
0.000925  5000000  5010000 -0.000057
0.000926  5000000  5010000 -0.000057
0.000927  5000000  5010000 -0.000057
0.000928  5000000  5010000 -0.000057
0.000929  5000000  5010000 -0.000057
0.000930  5000000  5010000 -0.000057
0.000931  5000000  4980000 -0.000057
0.000932  5000000  5010000 -0.000056
0.000933  5000000  4990000 -0.000056
0.000934  5000000  4980000 -0.000056
0.000935  5000000  5010000 -0.000056
0.000936  5000000  5010000 -0.000056
0.000944  5000000  5040000 -0.000055
0.000945  5000000  5040000 -0.000054
0.000946  5000000  5040000 -0.000054
0.000947  5000000  5040000 -0.000054
0.000948  5000000  4950000 -0.000054
0.000949  5000000  4890000 -0.000054
0.000950  5000000  4840000 -0.000054
0.000951  5000000  4870000 -0.000054
0.000952  5000000  4900000 -0.000054
0.000953  5000000  4930000 -0.000054
0.000954  5000000  4900000 -0.000053
0.000955  5000000  4930000 -0.000053
0.000956  5000000  4990000 -0.000053
0.000957  5000000  5020000 -0.000053
0.000958  5000000  5020000 -0.000053
0.000959  5000000  4990000 -0.000053
0.000960  5000000  5050000 -0.000053
0.000961  5000000  5050000 -0.000053
0.000962  5000000  5050000 -0.000053
0.000963  5000000  5020000 -0.000053
0.000964  5000000  5020000 -0.000052
0.000965  5000000  5050000 -0.000052
0.000966  5000000  5050000 -0.000052
0.000967  5000000  5020000 -0.000052
0.000968  5000000  5050000 -0.000052
0.000969  5000000  5020000 -0.000052
0.000970  5000000  5050000 -0.000052
0.000971  5000000  5050000 -0.000051
0.000973  5000000  4990000 -0.000051
0.000974  5000000  4990000 -0.000051
0.000977  5000000  4990000 -0.000050
0.000979  5000000  4990000 -0.000050
0.000986  5000000  5050000 -0.000049
0.000989  5000000  5050000 -0.000049
0.000990  5000000  5050000 -0.000048
0.000991  5000000  5050000 -0.000049
0.000992  5000000  5050000 -0.000048
0.000993  5000000  5050000 -0.000048
0.000994  5000000  5050000 -0.000048
0.000995  5000000  5020000 -0.000048
0.000996  5000000  5020000 -0.000048
0.000997  5000000  5050000 -0.000048
0.000998  5000000  5050000 -0.000047
0.000999  5000000  5020000 -0.000047
0.001000  5000000  5020000 -0.000047
0.001006  5000000  5080000 -0.000046
0.001007  5000000  5070000 -0.000046
0.001008  5000000  5080000 -0.000046
0.001009  5000000  5020000 -0.000046
0.001010  5000000  5050000 -0.000046
0.001014  5000000  5050000 -0.000045
0.001015  5000000  5050000 -0.000045
0.001016  5000000  5050000 -0.000045
0.001017  5000000  5050000 -0.000045
0.001021  5000000  5070000 -0.000044
0.001022  5000000  5070000 -0.000044
0.001023  5000000  5070000 -0.000044
0.001025  5000000  5040000 -0.000043
0.001030  5000000  5100000 -0.000043
0.001031  5000000  5100000 -0.000043
0.001032  5000000  5100000 -0.000043
0.001033  5000000  5070000 -0.000042
0.001034  5000000  5070000 -0.000042
0.001035  5000000  5070000 -0.000042
0.001048  5000000  5130000 -0.000040
0.001049  5000000  5130000 -0.000040
0.001050  5000000  5120000 -0.000040
0.001051  5000000  5100000 -0.000040
0.001052  5000000  5120000 -0.000040
0.001053  5000000  5090000 -0.000039
0.001054  5000000  5120000 -0.000039
0.001055  5000000  5130000 -0.000039
0.001056  5000000  5100000 -0.000039
0.001057  5000000  5130000 -0.000039
0.001058  5000000  5130000 -0.000039
0.001059  5000000  5100000 -0.000038
0.001060  5000000  5130000 -0.000038
0.001061  5000000  5130000 -0.000038
0.001062  5000000  5130000 -0.000038
0.001065  5000000  5080000 -0.000037
0.001066  5000000  5080000 -0.000037
0.001067  5000000  5070000 -0.000037
0.001068  5000000  5080000 -0.000037
0.001069  5000000  5100000 -0.000037
0.001070  5000000  5080000 -0.000037
0.001071  5000000  5080000 -0.000036
0.001072  5000000  5080000 -0.000036
0.001076  5000000  5130000 -0.000036
0.001077  5000000  5130000 -0.000035
0.001078  5000000  5130000 -0.000035
0.001079  5000000  5110000 -0.000035
0.001080  5000000  5110000 -0.000035
0.001082  5000000  5080000 -0.000035
0.001083  5000000  5110000 -0.000035
0.001084  5000000  5140000 -0.000035
0.001086  5000000  5130000 -0.000034
0.001087  5000000  5140000 -0.000034
0.001088  5000000  5130000 -0.000034
0.001089  5000000  5130000 -0.000034
0.001090  5000000  5100000 -0.000034
0.001091  5000000  5130000 -0.000034
0.001092  5000000  5130000 -0.000033
0.001093  5000000  5130000 -0.000033
0.001094  5000000  5100000 -0.000033
0.001095  5000000  5130000 -0.000033
0.001096  5000000  5100000 -0.000033
0.001097  5000000  5130000 -0.000033
0.001098  5000000  5100000 -0.000033
0.001099  5000000  5130000 -0.000032
0.001100  5000000  5130000 -0.000032
0.001101  5000000  5100000 -0.000032
0.001102  5000000  5130000 -0.000032
0.001103  5000000  5100000 -0.000032
0.001104  5000000  5100000 -0.000031
0.001105  5000000  5100000 -0.000031
0.001106  5000000  5100000 -0.000031
0.001107  5000000  5130000 -0.000031
0.001108  5000000  5130000 -0.000031
0.001109  5000000  5130000 -0.000031
0.001110  5000000  5140000 -0.000031
0.001111  5000000  5140000 -0.000030
0.001112  5000000  5140000 -0.000030
0.001113  5000000  5140000 -0.000030
0.001114  5000000  5140000 -0.000030
0.001116  5000000  5080000 -0.000030
0.001122  5000000  5100000 -0.000029
0.001123  5000000  5140000 -0.000028
0.001124  5000000  5140000 -0.000028
0.001125  5000000  5110000 -0.000028
0.001126  5000000  5130000 -0.000028
0.001127  5000000  5100000 -0.000028
0.001128  5000000  5130000 -0.000028
0.001129  5000000  5130000 -0.000028
0.001130  5000000  5100000 -0.000028
0.001131  5000000  5110000 -0.000028
0.001132  5000000  5140000 -0.000027
0.001133  5000000  5110000 -0.000027
0.001134  5000000  5140000 -0.000027
0.001135  5000000  5140000 -0.000027
0.001136  5000000  5110000 -0.000027
0.001137  5000000  5140000 -0.000026
0.001138  5000000  5110000 -0.000026
0.001139  5000000  5110000 -0.000026
0.001140  5000000  5110000 -0.000026
0.001141  5000000  5110000 -0.000026
0.001142  5000000  5140000 -0.000026
0.001143  5000000  5110000 -0.000026
0.001144  5000000  5110000 -0.000025
0.001145  5000000  5140000 -0.000025
0.001146  5000000  5150000 -0.000025
0.001147  5000000  5120000 -0.000025
0.001148  5000000  5150000 -0.000024
0.001149  5000000  5120000 -0.000024
0.001150  5000000  5140000 -0.000024
0.001151  5000000  5150000 -0.000024
0.001152  5000000  5120000 -0.000024
0.001153  5000000  5100000 -0.000023
0.001154  5000000  5120000 -0.000024
0.001155  5000000  5100000 -0.000023
0.001156  5000000  5090000 -0.000023
0.001157  5000000  5090000 -0.000023
0.001158  5000000  5100000 -0.000023
0.001159  5000000  5090000 -0.000023
0.001160  5000000  5090000 -0.000023
0.001161  5000000  5100000 -0.000022
0.001163  5000000  5150000 -0.000022
0.001164  5000000  5150000 -0.000022
0.001165  5000000  5150000 -0.000022
0.001166  5000000  5150000 -0.000021
0.001167  5000000  5130000 -0.000021
0.001168  5000000  5160000 -0.000021
0.001169  5000000  5130000 -0.000021
0.001170  5000000  5160000 -0.000021
0.001172  5000000  5120000 -0.000021
0.001174  5000000  5160000 -0.000020
0.001177  5000000  5100000 -0.000020
0.001178  5000000  5130000 -0.000020
0.001179  5000000  5100000 -0.000019
0.001180  5000000  5100000 -0.000019
0.001181  5000000  5130000 -0.000019
0.001182  5000000  5130000 -0.000019
0.001183  5000000  5100000 -0.000019
0.001184  5000000  5100000 -0.000018
0.001185  5000000  5130000 -0.000019
0.001186  5000000  5100000 -0.000018
0.001187  5000000  5100000 -0.000018
0.001188  5000000  5130000 -0.000018
0.001189  5000000  5130000 -0.000018
0.001190  5000000  5100000 -0.000018
0.001191  5000000  5130000 -0.000017
0.001192  5000000  5100000 -0.000017
0.001193  5000000  5130000 -0.000017
0.001195  5000000  5100000 -0.000017
0.001200  5000000  5160000 -0.000016
0.001201  5000000  5160000 -0.000016
0.001202  5000000  5160000 -0.000016
0.001203  5000000  5160000 -0.000015
0.001204  5000000  5130000 -0.000015
0.001205  5000000  5130000 -0.000015
0.001206  5000000  5130000 -0.000015
0.001207  5000000  5130000 -0.000015
0.001208  5000000  5160000 -0.000015
0.001209  5000000  5130000 -0.000015
0.001210  5000000  5130000 -0.000014
0.001211  5000000  5160000 -0.000014
0.001212  5000000  5130000 -0.000014
0.001213  5000000  5130000 -0.000014
0.001214  5000000  5130000 -0.000014
0.001215  5000000  5150000 -0.000014
0.001216  5000000  5130000 -0.000013
0.001218  5000000  5130000 -0.000013
0.001219  5000000  5160000 -0.000013
0.001220  5000000  5130000 -0.000013
0.001221  5000000  5160000 -0.000012
0.001222  5000000  5130000 -0.000012
0.001223  5000000  5120000 -0.000012
0.001224  5000000  5150000 -0.000012
0.001228  5000000  5180000 -0.000011
0.001230  5000000  5180000 -0.000011
0.001231  5000000  5180000 -0.000011
0.001234  5000000  5120000 -0.000010
0.001239  5000000  5180000 -0.000009
0.001240  5000000  5160000 -0.000009
0.001241  5000000  5180000 -0.000009
0.001242  5000000  5180000 -0.000009
0.001243  5000000  5180000 -0.000009
0.001244  5000000  5190000 -0.000009
0.001245  5000000  5150000 -0.000008
0.001246  5000000  5180000 -0.000008
0.001248  5000000  5150000 -0.000008
0.001249  5000000  5150000 -0.000008
0.001250  5000000  5150000 -0.000008
0.001251  5000000  5180000 -0.000007
0.001253  5000000  5210000 -0.000007
0.001254  5000000  5210000 -0.000007
0.001256  5000000  5210000 -0.000006
0.001257  5000000  5210000 -0.000006
0.001258  5000000  5210000 -0.000006
0.001259  5000000  5200000 -0.000006
0.001260  5000000  5200000 -0.000006
0.001261  5000000  5200000 -0.000006
0.001262  5000000  5150000 -0.000005
0.001263  5000000  5180000 -0.000005
0.001264  5000000  5150000 -0.000005
0.001272  5000000  5170000 -0.000004
0.001273  5000000  5170000 -0.000003
0.001274  5000000  5150000 -0.000003
0.001275  5000000  5150000 -0.000003
0.001276  5000000  5150000 -0.000003
0.001277  5000000  5180000 -0.000003
0.001278  5000000  5180000 -0.000003
0.001283  5000000  5210000 -0.000002
0.001284  5000000  5180000 -0.000001
0.001285  5000000  5180000 -0.000002
0.001286  5000000  5210000 -0.000001
0.001287  5000000  5210000 -0.000001
0.001288  5000000  5210000 -0.000001
0.001289  5000000  5210000 -0.000001
0.001290  5000000  5180000 0.000000
0.001292  5000000  5180000 0.000000
0.001293  5000000  5180000 0.000000
0.001298  5000000  5180000 0.000001
0.001299  5000000  5240000 0.000001
0.001302  5000000  5240000 0.000001
0.001303  5000000  5240000 0.000001
0.001304  5000000  5240000 0.000002
0.001305  5000000  5230000 0.000002
0.001307  5000000  5240000 0.000002
0.001308  5000000  5240000 0.000002
0.001309  5000000  5240000 0.000002
0.001310  5000000  5230000 0.000003
0.001311  5000000  5230000 0.000003
0.001312  5000000  5230000 0.000003
0.001313  5000000  5230000 0.000003
0.001314  5000000  5230000 0.000003
0.001320  5000000  5230000 0.000004
0.001321  5000000  5230000 0.000004
0.001322  5000000  5210000 0.000004
0.001323  5000000  5200000 0.000005
0.001324  5000000  5200000 0.000005
0.001325  5000000  5230000 0.000005
0.001326  5000000  5230000 0.000005
0.001327  5000000  5240000 0.000005
0.001332  5000000  5210000 0.000006
0.001333  5000000  5240000 0.000006
0.001334  5000000  5210000 0.000006
0.001335  5000000  5200000 0.000007
0.001336  5000000  5200000 0.000007
0.001339  5000000  5200000 0.000007
0.001340  5000000  5200000 0.000008
0.001341  5000000  5230000 0.000008
0.001344  5000000  5260000 0.000008
0.001345  5000000  5260000 0.000008
0.001346  5000000  5260000 0.000008
0.001347  5000000  5260000 0.000009
0.001348  5000000  5230000 0.000009
0.001349  5000000  5260000 0.000009
0.001350  5000000  5260000 0.000009
0.001351  5000000  5260000 0.000009
0.001352  5000000  5260000 0.000009
0.001353  5000000  5260000 0.000009
0.001354  5000000  5260000 0.000010
0.001355  5000000  5260000 0.000010
0.001356  5000000  5240000 0.000010
0.001357  5000000  5240000 0.000010
0.001358  5000000  5260000 0.000010
0.001359  5000000  5230000 0.000010
0.001360  5000000  5240000 0.000011
0.001361  5000000  5240000 0.000011
0.001362  5000000  5260000 0.000011
0.001363  5000000  5260000 0.000011
0.001364  5000000  5270000 0.000011
0.001365  5000000  5240000 0.000012
0.001366  5000000  5240000 0.000012
0.001367  5000000  5240000 0.000012
0.001368  5000000  5240000 0.000012
0.001369  5000000  5240000 0.000012
0.001370  5000000  5240000 0.000013
0.001371  5000000  5240000 0.000013
0.001372  5000000  5240000 0.000013
0.001373  5000000  5230000 0.000013
0.001374  5000000  5230000 0.000013
0.001375  5000000  5200000 0.000013
0.001376  5000000  5200000 0.000013
0.001377  5000000  5210000 0.000014
0.001378  5000000  5200000 0.000014
0.001379  5000000  5210000 0.000014
0.001380  5000000  5230000 0.000014
0.001381  5000000  5240000 0.000014
0.001382  5000000  5200000 0.000014
0.001383  5000000  5230000 0.000015
0.001384  5000000  5240000 0.000015
0.001388  5000000  5180000 0.000015
0.001389  5000000  5180000 0.000016
0.001394  5000000  5240000 0.000016
0.001396  5000000  5240000 0.000017
0.001398  5000000  5240000 0.000017
0.001399  5000000  5240000 0.000017
0.001401  5000000  5240000 0.000018
0.001402  5000000  5240000 0.000018
0.001403  5000000  5240000 0.000018
0.001405  5000000  5240000 0.000018
0.001406  5000000  5240000 0.000019
0.001407  5000000  5240000 0.000019
0.001408  5000000  5240000 0.000019
0.001409  5000000  5240000 0.000019
0.001410  5000000  5240000 0.000019
0.001411  5000000  5210000 0.000019
0.001412  5000000  5240000 0.000020
0.001413  5000000  5240000 0.000020
0.001414  5000000  5240000 0.000020
0.001415  5000000  5240000 0.000020
0.001416  5000000  5240000 0.000020
0.001417  5000000  5240000 0.000020
0.001418  5000000  5240000 0.000021
0.001419  5000000  5240000 0.000021
0.001420  5000000  5240000 0.000021
0.001421  5000000  5240000 0.000021
0.001422  5000000  5220000 0.000021
0.001423  5000000  5240000 0.000022
0.001424  5000000  5240000 0.000022
0.001425  5000000  5240000 0.000022
0.001426  5000000  5220000 0.000022
0.001427  5000000  5240000 0.000022
0.001428  5000000  5240000 0.000022
0.001429  5000000  5220000 0.000023
0.001430  5000000  5220000 0.000023
0.001431  5000000  5240000 0.000023
0.001432  5000000  5240000 0.000023
0.001433  5000000  5210000 0.000023
0.001434  5000000  5210000 0.000024
0.001435  5000000  5250000 0.000024
0.001436  5000000  5220000 0.000024
0.001437  5000000  5220000 0.000024
0.001438  5000000  5210000 0.000024
0.001439  5000000  5210000 0.000025
0.001440  5000000  5240000 0.000025
0.001441  5000000  5210000 0.000025
0.001444  5000000  5210000 0.000026
0.001449  5000000  5210000 0.000027
0.001450  5000000  5180000 0.000027
0.001451  5000000  5070000 0.000028
0.001452  5000000  5080000 0.000028
0.001453  5000000  5110000 0.000028
0.001454  5000000  5110000 0.000028
0.001455  5000000  5140000 0.000028
0.001456  5000000  5170000 0.000028
0.001457  5000000  5200000 0.000028
0.001458  5000000  5170000 0.000028
0.001459  5000000  5230000 0.000029
0.001460  5000000  5200000 0.000029
0.001461  5000000  5260000 0.000029
0.001462  5000000  5260000 0.000029
0.001463  5000000  5230000 0.000029
0.001464  5000000  5230000 0.000029
0.001465  5000000  5260000 0.000029
0.001466  5000000  5220000 0.000030
0.001468  5000000  5270000 0.000030
0.001469  5000000  5220000 0.000030
0.001470  5000000  5230000 0.000030
0.001471  5000000  5220000 0.000030
0.001472  5000000  5250000 0.000031
0.001473  5000000  5250000 0.000031
0.001474  5000000  5230000 0.000031
0.001475  5000000  5230000 0.000031
0.001476  5000000  5260000 0.000032
0.001477  5000000  5260000 0.000032
0.001478  5000000  5230000 0.000032
0.001479  5000000  5230000 0.000032
0.001480  5000000  5230000 0.000032
0.001481  5000000  5260000 0.000033
0.001482  5000000  5260000 0.000033
0.001483  5000000  5200000 0.000033
0.001485  5000000  5200000 0.000033
0.001488  5000000  5200000 0.000034
0.001489  5000000  5190000 0.000034
0.001490  5000000  5140000 0.000035
0.001491  5000000  5140000 0.000035
0.001493  5000000  5110000 0.000036
0.001494  5000000  5110000 0.000036
0.001496  5000000  5110000 0.000036
0.001497  5000000  5170000 0.000036
0.001498  5000000  5160000 0.000037
0.001499  5000000  5160000 0.000037
0.001500  5000000  5170000 0.000037
0.001501  5000000  5130000 0.000037
0.001502  5000000  5170000 0.000037
0.001503  5000000  5170000 0.000037
0.001504  5000000  5200000 0.000038
0.001505  5000000  5200000 0.000038
0.001507  5000000  5190000 0.000038
0.001508  5000000  5200000 0.000038
0.001509  5000000  5170000 0.000038
0.001510  5000000  5170000 0.000038
0.001511  5000000  5170000 0.000039
0.001512  5000000  5170000 0.000039
0.001513  5000000  5170000 0.000039
0.001514  5000000  5200000 0.000039
0.001515  5000000  5200000 0.000039
0.001516  5000000  5200000 0.000040
0.001517  5000000  5170000 0.000040
0.001520  5000000  5230000 0.000040
0.001521  5000000  5230000 0.000041
0.001522  5000000  5230000 0.000041
0.001523  5000000  5230000 0.000041
0.001524  5000000  5170000 0.000042
0.001529  5000000  5230000 0.000042
0.001531  5000000  5230000 0.000043
0.001532  5000000  5200000 0.000043
0.001533  5000000  5220000 0.000043
0.001534  5000000  5190000 0.000043
0.001535  5000000  5190000 0.000043
0.001536  5000000  5190000 0.000043
0.001537  5000000  5190000 0.000044
0.001538  5000000  5220000 0.000044
0.001539  5000000  5190000 0.000044
0.001540  5000000  5220000 0.000044
0.001543  5000000  5190000 0.000045
0.001544  5000000  5220000 0.000045
0.001545  5000000  5250000 0.000045
0.001546  5000000  5250000 0.000045
0.001547  5000000  5250000 0.000045
0.001548  5000000  5250000 0.000046
0.001549  5000000  5250000 0.000046
0.001550  5000000  5250000 0.000046
0.001551  5000000  5220000 0.000046
0.001552  5000000  5250000 0.000046
0.001553  5000000  5250000 0.000047
0.001554  5000000  5260000 0.000047
0.001555  5000000  5260000 0.000047
0.001556  5000000  5260000 0.000047
0.001557  5000000  5260000 0.000047
0.001558  5000000  5260000 0.000048
0.001559  5000000  5260000 0.000048
0.001564  5000000  5200000 0.000049
0.001565  5000000  5200000 0.000049
0.001566  5000000  5230000 0.000049
0.001570  5000000  5200000 0.000051
0.001571  5000000  5170000 0.000051
0.001572  5000000  5200000 0.000051
0.001573  5000000  5160000 0.000051
0.001578  5000000  5200000 0.000052
0.001579  5000000  5200000 0.000052
0.001580  5000000  5200000 0.000052
0.001581  5000000  5200000 0.000053
0.001582  5000000  5200000 0.000053
0.001583  5000000  5200000 0.000053
0.001584  5000000  5200000 0.000053
0.001585  5000000  5170000 0.000053
0.001586  5000000  5170000 0.000054
0.001587  5000000  5170000 0.000054
0.001588  5000000  5170000 0.000054
0.001589  5000000  5170000 0.000054
0.001590  5000000  5170000 0.000054
0.001591  5000000  5170000 0.000055
0.001593  5000000  5170000 0.000055
0.001594  5000000  5170000 0.000055
0.001607  5000000  5170000 0.000058
0.001608  5000000  5170000 0.000058
0.001609  5000000  5200000 0.000058
0.001610  5000000  5200000 0.000058
0.001611  5000000  5200000 0.000058
0.001614  5000000  5140000 0.000059
0.001615  5000000  5140000 0.000059
0.001616  5000000  5140000 0.000059
0.001617  5000000  5180000 0.000060
0.001618  5000000  5170000 0.000060
0.001619  5000000  5180000 0.000060
0.001620  5000000  5180000 0.000060
0.001621  5000000  5180000 0.000060
0.001622  5000000  5150000 0.000061
0.001623  5000000  5180000 0.000061
0.001624  5000000  5180000 0.000061
0.001625  5000000  5180000 0.000061
0.001626  5000000  5180000 0.000061
0.001627  5000000  5180000 0.000062
0.001630  5000000  5180000 0.000062
0.001631  5000000  5180000 0.000062
0.001637  5000000  5180000 0.000064
0.001638  5000000  5180000 0.000064
0.001639  5000000  5180000 0.000064
0.001640  5000000  5180000 0.000064
0.001641  5000000  5180000 0.000064
0.001642  5000000  5180000 0.000064
0.001643  5000000  5180000 0.000064
0.001644  5000000  5150000 0.000065
0.001645  5000000  5150000 0.000065
0.001646  5000000  5150000 0.000065
0.001647  5000000  5150000 0.000065
0.001648  5000000  5180000 0.000066
0.001649  5000000  5180000 0.000066
0.001650  5000000  5150000 0.000066
0.001651  5000000  5150000 0.000066
0.001652  5000000  5180000 0.000067
0.001653  5000000  5150000 0.000067
0.001654  5000000  5180000 0.000067
0.001655  5000000  5150000 0.000067
0.001656  5000000  5180000 0.000067
0.001658  5000000  5150000 0.000068
0.001659  5000000  5150000 0.000068
0.001660  5000000  5150000 0.000068
0.001662  5000000  5210000 0.000069
0.001663  5000000  5210000 0.000069
0.001664  5000000  5210000 0.000069
0.001665  5000000  5210000 0.000069
0.001666  5000000  5210000 0.000069
0.001667  5000000  5210000 0.000070
0.001668  5000000  5210000 0.000070
0.001669  5000000  5210000 0.000070
0.001670  5000000  5210000 0.000070
0.001671  5000000  5210000 0.000070
0.001672  5000000  5210000 0.000070
0.001673  5000000  5180000 0.000071
0.001674  5000000  5200000 0.000071
0.001675  5000000  5210000 0.000071
0.001676  5000000  5210000 0.000071
0.001677  5000000  5210000 0.000072
0.001678  5000000  5210000 0.000072
0.001679  5000000  5190000 0.000072
0.001680  5000000  5190000 0.000072
0.001682  5000000  5220000 0.000073
0.001683  5000000  5220000 0.000073
0.001684  5000000  5210000 0.000073
0.001685  5000000  5220000 0.000073
0.001686  5000000  5190000 0.000073
0.001687  5000000  5220000 0.000074
0.001688  5000000  5220000 0.000074
0.001689  5000000  5220000 0.000074
0.001690  5000000  5220000 0.000074
0.001691  5000000  5190000 0.000075
0.001692  5000000  5190000 0.000075
0.001693  5000000  5220000 0.000075
0.001694  5000000  5190000 0.000075
0.001696  5000000  5190000 0.000076
0.001697  5000000  5190000 0.000076
0.001701  5000000  5200000 0.000077
0.001702  5000000  5220000 0.000077
0.001703  5000000  5190000 0.000077
0.001704  5000000  5190000 0.000077
0.001705  5000000  5190000 0.000078
0.001706  5000000  5190000 0.000078
0.001714  5000000  5250000 0.000079
0.001715  5000000  5220000 0.000079
0.001717  5000000  5250000 0.000080
0.001718  5000000  5250000 0.000080
0.001719  5000000  5220000 0.000080
0.001720  5000000  5220000 0.000081
0.001721  5000000  5250000 0.000081
0.001722  5000000  5250000 0.000081
0.001723  5000000  5250000 0.000081
0.001726  5000000  5200000 0.000082
0.001727  5000000  5200000 0.000082
0.001728  5000000  5230000 0.000082
0.001729  5000000  5230000 0.000083
0.001731  5000000  5230000 0.000083
0.001732  5000000  5230000 0.000083
0.001737  5000000  5170000 0.000084
0.001738  5000000  5230000 0.000084
0.001739  5000000  5230000 0.000085
0.001742  5000000  5170000 0.000085
0.001746  5000000  5230000 0.000086
0.001748  5000000  5170000 0.000086
0.001749  5000000  5200000 0.000086
0.001750  5000000  5200000 0.000087
0.001753  5000000  5230000 0.000088
0.001754  5000000  5200000 0.000087
0.001755  5000000  5230000 0.000088
0.001756  5000000  5230000 0.000088
0.001758  5000000  5170000 0.000089
0.001759  5000000  5200000 0.000089
0.001763  5000000  5230000 0.000089
0.001764  5000000  5170000 0.000089
0.001768  5000000  5170000 0.000090
0.001769  5000000  5170000 0.000091
0.001770  5000000  5200000 0.000091
0.001771  5000000  5170000 0.000091
0.001772  5000000  5170000 0.000091
0.001773  5000000  5200000 0.000091
0.001774  5000000  5200000 0.000092
0.001775  5000000  5170000 0.000092
0.001776  5000000  5170000 0.000092
0.001777  5000000  5170000 0.000092
0.001780  5000000  5170000 0.000093
0.001781  5000000  5170000 0.000093
0.001784  5000000  5230000 0.000094
0.001785  5000000  5200000 0.000094
0.001786  5000000  5230000 0.000094
0.001787  5000000  5230000 0.000094
0.001788  5000000  5230000 0.000094
0.001789  5000000  5200000 0.000095
0.001790  5000000  5230000 0.000095
0.001791  5000000  5230000 0.000095
0.001792  5000000  5170000 0.000096
0.001793  5000000  5200000 0.000096
0.001794  5000000  5210000 0.000096
0.001795  5000000  5210000 0.000096
0.001796  5000000  5150000 0.000097
0.001797  5000000  5210000 0.000097
0.001798  5000000  5210000 0.000097
0.001799  5000000  5200000 0.000097
0.001800  5000000  5210000 0.000097
0.001801  5000000  5210000 0.000097
0.001802  5000000  5180000 0.000098
0.001803  5000000  5180000 0.000098
0.001804  5000000  5180000 0.000098
0.001805  5000000  5200000 0.000098
0.001806  5000000  5210000 0.000099
0.001807  5000000  5210000 0.000099
0.001808  5000000  5210000 0.000099
0.001809  5000000  5210000 0.000099
0.001810  5000000  5210000 0.000099
0.001811  5000000  5210000 0.000099
0.001812  5000000  5210000 0.000100
0.001817  5000000  5180000 0.000101
0.001818  5000000  5180000 0.000101
0.001819  5000000  5180000 0.000101
0.001820  5000000  5180000 0.000102
0.001821  5000000  5180000 0.000101
0.001822  5000000  5180000 0.000102
0.001823  5000000  5180000 0.000102
0.001824  5000000  5190000 0.000102
0.001826  5000000  5180000 0.000103
0.001827  5000000  5210000 0.000103
0.001828  5000000  5180000 0.000103
0.001829  5000000  5210000 0.000103
0.001830  5000000  5180000 0.000104
0.001831  5000000  5180000 0.000104
0.001834  5000000  5150000 0.000105
0.001835  5000000  5160000 0.000105
0.001836  5000000  5160000 0.000105
0.001837  5000000  5150000 0.000105
0.001839  5000000  5210000 0.000106
0.001841  5000000  5210000 0.000106
0.001842  5000000  5180000 0.000106
0.001843  5000000  5210000 0.000106
0.001844  5000000  5180000 0.000107
0.001845  5000000  5180000 0.000107
0.001846  5000000  5170000 0.000107
0.001848  5000000  5180000 0.000108
0.001850  5000000  5170000 0.000108
0.001862  5000000  5170000 0.000111
0.001863  5000000  5170000 0.000111
0.001864  5000000  5200000 0.000111
0.001874  5000000  5200000 0.000113
0.001876  5000000  5230000 0.000114
0.001877  5000000  5230000 0.000114
0.001878  5000000  5230000 0.000114
0.001879  5000000  5230000 0.000114
0.001880  5000000  5180000 0.000115
0.001882  5000000  5230000 0.000115
0.001884  5000000  5240000 0.000116
0.001885  5000000  5230000 0.000116
0.001887  5000000  5230000 0.000116
0.001888  5000000  5230000 0.000116
0.001890  5000000  5230000 0.000117
0.001894  5000000  5180000 0.000118
0.001897  5000000  5180000 0.000119
0.001898  5000000  5180000 0.000119
0.001899  5000000  5210000 0.000119
0.001900  5000000  5180000 0.000119
0.001901  5000000  5180000 0.000120
0.001903  5000000  5180000 0.000120
0.001904  5000000  5210000 0.000120
0.001906  5000000  5180000 0.000121
0.001908  5000000  5180000 0.000121
0.001909  5000000  5210000 0.000121
0.001910  5000000  5180000 0.000122
0.001911  5000000  5180000 0.000122
0.001912  5000000  5180000 0.000122
0.001913  5000000  5180000 0.000122
0.001914  5000000  5180000 0.000122
0.001915  5000000  5180000 0.000123
0.001916  5000000  5210000 0.000123
0.001917  5000000  5180000 0.000123
0.001918  5000000  5180000 0.000124
0.001921  5000000  5180000 0.000124
0.001922  5000000  5210000 0.000124
0.001923  5000000  5210000 0.000125
0.001924  5000000  5210000 0.000125
0.001925  5000000  5210000 0.000125
0.001926  5000000  5210000 0.000126
0.001927  5000000  5190000 0.000126
0.001928  5000000  5190000 0.000126
0.001929  5000000  5210000 0.000126
0.001930  5000000  5190000 0.000126
0.001931  5000000  5190000 0.000127
0.001932  5000000  5180000 0.000127
0.001933  5000000  5180000 0.000127
0.001934  5000000  5190000 0.000127
0.001935  5000000  5220000 0.000127
0.001936  5000000  5220000 0.000128
0.001937  5000000  5220000 0.000128
0.001938  5000000  5190000 0.000128
0.001939  5000000  5220000 0.000128
0.001940  5000000  5190000 0.000129
0.001941  5000000  5220000 0.000129
0.001942  5000000  5220000 0.000129
0.001943  5000000  5220000 0.000129
0.001944  5000000  5220000 0.000130
0.001945  5000000  5190000 0.000130
0.001946  5000000  5220000 0.000130
0.001947  5000000  5220000 0.000130
0.001948  5000000  5190000 0.000130
0.001949  5000000  5220000 0.000131
0.001950  5000000  5220000 0.000131
0.001951  5000000  5220000 0.000131
0.001952  5000000  5140000 0.000132
0.001953  5000000  5080000 0.000132
0.001954  5000000  5080000 0.000133
0.001955  5000000  5080000 0.000133
0.001956  5000000  5110000 0.000133
0.001957  5000000  5140000 0.000133
0.001959  5000000  5170000 0.000133
0.001960  5000000  5190000 0.000133
0.001961  5000000  5170000 0.000133
0.001962  5000000  5200000 0.000134
0.001963  5000000  5190000 0.000134
0.001964  5000000  5200000 0.000134
0.001965  5000000  5170000 0.000134
0.001966  5000000  5200000 0.000135
0.001967  5000000  5200000 0.000135
0.001968  5000000  5200000 0.000135
0.001969  5000000  5200000 0.000135
0.001970  5000000  5200000 0.000136
0.001971  5000000  5200000 0.000136
0.001972  5000000  5170000 0.000136
0.001973  5000000  5200000 0.000136
0.001974  5000000  5170000 0.000137
0.001975  5000000  5160000 0.000137
0.001976  5000000  5170000 0.000137
0.001977  5000000  5170000 0.000138
0.001982  5000000  5220000 0.000139
0.001983  5000000  5200000 0.000139
0.001984  5000000  5220000 0.000139
0.001985  5000000  5220000 0.000139
0.001986  5000000  5190000 0.000139
0.001987  5000000  5220000 0.000140
0.001988  5000000  5220000 0.000140
0.001989  5000000  5220000 0.000140
0.001990  5000000  5220000 0.000140
0.001991  5000000  5220000 0.000140
0.001992  5000000  5190000 0.000140
0.001993  5000000  5220000 0.000141
0.001994  5000000  5190000 0.000141
0.001995  5000000  5190000 0.000141
0.001996  5000000  5220000 0.000141
0.001997  5000000  5220000 0.000142
0.001998  5000000  5190000 0.000142
0.001999  5000000  5220000 0.000142
0.002000  5000000  5220000 0.000142
0.002001  5000000  5220000 0.000143
0.002003  5000000  5190000 0.000143
0.002004  5000000  5180000 0.000143
0.002005  5000000  5190000 0.000143
0.002006  5000000  5190000 0.000144
0.002007  5000000  5180000 0.000144
0.002008  5000000  5190000 0.000144
0.002009  5000000  5180000 0.000144
0.002014  5000000  5240000 0.000145
0.002015  5000000  5240000 0.000146
0.002017  5000000  5240000 0.000146
0.002018  5000000  5240000 0.000146
0.002019  5000000  5240000 0.000146
0.002020  5000000  5210000 0.000146
0.002021  5000000  5240000 0.000147
0.002022  5000000  5250000 0.000147
0.002023  5000000  5240000 0.000147
0.002024  5000000  5220000 0.000147
0.002025  5000000  5220000 0.000148
0.002026  5000000  5250000 0.000148
0.002027  5000000  5240000 0.000148
0.002028  5000000  5210000 0.000148
0.002029  5000000  5210000 0.000148
0.002030  5000000  5210000 0.000149
0.002031  5000000  5240000 0.000149
0.002033  5000000  5210000 0.000149
0.002034  5000000  5240000 0.000149
0.002036  5000000  5210000 0.000150
0.002038  5000000  5270000 0.000151
0.002040  5000000  5270000 0.000151
0.002044  5000000  5270000 0.000152
0.002045  5000000  5240000 0.000152
0.002046  5000000  5270000 0.000152
0.002047  5000000  5240000 0.000152
0.002048  5000000  5270000 0.000153
0.002049  5000000  5270000 0.000153
0.002050  5000000  5270000 0.000153
0.002051  5000000  5270000 0.000153
0.002052  5000000  5270000 0.000154
0.002053  5000000  5270000 0.000154
0.002054  5000000  5280000 0.000154
0.002055  5000000  5240000 0.000154
0.002056  5000000  5270000 0.000154
0.002057  5000000  5270000 0.000155
0.002058  5000000  5270000 0.000155
0.002059  5000000  5270000 0.000155
0.002060  5000000  5270000 0.000156
0.002061  5000000  5270000 0.000156
0.002062  5000000  5270000 0.000156
0.002063  5000000  5270000 0.000156
0.002064  5000000  5270000 0.000156
0.002065  5000000  5240000 0.000157
0.002066  5000000  5240000 0.000157
0.002067  5000000  5240000 0.000157
0.002068  5000000  5250000 0.000157
0.002070  5000000  5250000 0.000158
0.002071  5000000  5250000 0.000158
0.002072  5000000  5250000 0.000158
0.002073  5000000  5270000 0.000158
0.002074  5000000  5240000 0.000159
0.002078  5000000  5300000 0.000160
0.002079  5000000  5300000 0.000160
0.002080  5000000  5270000 0.000160
0.002081  5000000  5300000 0.000160
0.002082  5000000  5300000 0.000160
0.002083  5000000  5300000 0.000161
0.002084  5000000  5300000 0.000161
0.002085  5000000  5300000 0.000161
0.002086  5000000  5300000 0.000161
0.002087  5000000  5300000 0.000161
0.002088  5000000  5300000 0.000162
0.002089  5000000  5270000 0.000162
0.002090  5000000  5300000 0.000162
0.002091  5000000  5300000 0.000162
0.002092  5000000  5300000 0.000163
0.002093  5000000  5270000 0.000163
0.002094  5000000  5300000 0.000163
0.002095  5000000  5270000 0.000163
0.002096  5000000  5300000 0.000164
0.002097  5000000  5270000 0.000164
0.002098  5000000  5300000 0.000164
0.002099  5000000  5270000 0.000164
0.002100  5000000  5300000 0.000164
0.002101  5000000  5270000 0.000165
0.002102  5000000  5270000 0.000165
0.002103  5000000  5270000 0.000165
0.002104  5000000  5300000 0.000166
0.002105  5000000  5300000 0.000166
0.002106  5000000  5270000 0.000166
0.002107  5000000  5300000 0.000166
0.002108  5000000  5270000 0.000167
0.002109  5000000  5270000 0.000167
0.002110  5000000  5300000 0.000167
0.002111  5000000  5280000 0.000167
0.002112  5000000  5300000 0.000167
0.002113  5000000  5300000 0.000168
0.002114  5000000  5240000 0.000168
0.002115  5000000  5270000 0.000168
0.002117  5000000  5300000 0.000169
0.002119  5000000  5240000 0.000169
0.002120  5000000  5240000 0.000170
0.002121  5000000  5240000 0.000170
0.002123  5000000  5240000 0.000170
0.002125  5000000  5240000 0.000171
0.002129  5000000  5300000 0.000172
0.002130  5000000  5300000 0.000172
0.002131  5000000  5300000 0.000172
0.002132  5000000  5300000 0.000172
0.002133  5000000  5270000 0.000172
0.002134  5000000  5290000 0.000173
0.002139  5000000  5240000 0.000174
0.002141  5000000  5240000 0.000175
0.002142  5000000  5240000 0.000175
0.002143  5000000  5270000 0.000175
0.002144  5000000  5270000 0.000175
0.002145  5000000  5240000 0.000175
0.002146  5000000  5270000 0.000176
0.002147  5000000  5240000 0.000176
0.002148  5000000  5270000 0.000176
0.002149  5000000  5240000 0.000176
0.002150  5000000  5270000 0.000177
0.002151  5000000  5270000 0.000177
0.002152  5000000  5210000 0.000178
0.002153  5000000  5240000 0.000178
0.002156  5000000  5180000 0.000179
0.002157  5000000  5210000 0.000179
0.002158  5000000  5180000 0.000180
0.002167  5000000  5240000 0.000181
0.002168  5000000  5240000 0.000182
0.002169  5000000  5240000 0.000182
0.002170  5000000  5240000 0.000182
0.002171  5000000  5240000 0.000182
0.002172  5000000  5230000 0.000183
0.002173  5000000  5230000 0.000183
0.002174  5000000  5230000 0.000183
0.002183  5000000  5180000 0.000185
0.002184  5000000  5180000 0.000185
0.002185  5000000  5180000 0.000186
0.002186  5000000  5180000 0.000186
0.002187  5000000  5180000 0.000186
0.002188  5000000  5180000 0.000186
0.002189  5000000  5210000 0.000186
0.002190  5000000  5210000 0.000187
0.002191  5000000  5210000 0.000187
0.002192  5000000  5150000 0.000187
0.002193  5000000  5150000 0.000187
0.002194  5000000  5100000 0.000188
0.002195  5000000  5090000 0.000188
0.002196  5000000  5040000 0.000188
0.002197  5000000  5040000 0.000188
0.002198  5000000  5070000 0.000188
0.002199  5000000  5070000 0.000189
0.002202  5000000  5010000 0.000189
0.002203  5000000  5040000 0.000189
0.002204  5000000  5040000 0.000190
0.002205  5000000  5040000 0.000190
0.002206  5000000  5040000 0.000190
0.002207  5000000  5040000 0.000190
0.002208  5000000  5010000 0.000190
0.002209  5000000  5040000 0.000190
0.002210  5000000  5040000 0.000190
0.002211  5000000  5040000 0.000191
0.002212  5000000  5010000 0.000191
0.002213  5000000  5010000 0.000191
0.002214  5000000  5040000 0.000191
0.002215  5000000  5000000 0.000191
0.002216  5000000  5000000 0.000191
0.002217  5000000  5030000 0.000191
0.002218  5000000  5030000 0.000192
0.002219  5000000  5000000 0.000192
0.002220  5000000  5000000 0.000192
0.002221  5000000  5000000 0.000192
0.002222  5000000  5000000 0.000192
0.002223  5000000  5030000 0.000192
0.002226  5000000  5030000 0.000193
0.002237  5000000  5000000 0.000194
0.002239  5000000  5000000 0.000195
0.002240  5000000  5000000 0.000195
0.002241  5000000  5000000 0.000195
0.002242  5000000  5030000 0.000195
0.002243  5000000  5000000 0.000195
0.002244  5000000  5030000 0.000195
0.002245  5000000  5030000 0.000195
0.002246  5000000  5030000 0.000195
0.002247  5000000  5030000 0.000196
0.002248  5000000  5030000 0.000196
0.002249  5000000  5000000 0.000196
0.002250  5000000  5030000 0.000196
0.002251  5000000  5000000 0.000196
0.002252  5000000  5000000 0.000196
0.002253  5000000  5000000 0.000196
0.002254  5000000  5030000 0.000197
0.002255  5000000  5030000 0.000197
0.002256  5000000  5030000 0.000197
0.002257  5000000  5030000 0.000197
0.002258  5000000  5000000 0.000197
0.002259  5000000  5030000 0.000197
0.002260  5000000  5000000 0.000197
0.002261  5000000  5000000 0.000198
0.002262  5000000  5000000 0.000198
0.002263  5000000  5020000 0.000198
0.002264  5000000  5000000 0.000198
0.002265  5000000  5000000 0.000198
0.002266  5000000  5020000 0.000198
0.002267  5000000  5000000 0.000198
0.002268  5000000  5000000 0.000199
0.002269  5000000  5000000 0.000199
0.002270  5000000  5000000 0.000199
0.002271  5000000  4970000 0.000199
0.002272  5000000  5000000 0.000199
0.002273  5000000  5000000 0.000199
0.002274  5000000  5000000 0.000200
0.002275  5000000  5000000 0.000200
0.002276  5000000  5000000 0.000200
0.002277  5000000  4990000 0.000200
0.002278  5000000  4970000 0.000200
0.002279  5000000  5000000 0.000200
0.002280  5000000  4970000 0.000200
0.002281  5000000  4970000 0.000200
0.002282  5000000  4970000 0.000201
0.002283  5000000  4970000 0.000201
0.002285  5000000  4970000 0.000201
0.002286  5000000  4970000 0.000201
0.002287  5000000  4970000 0.000201
0.002288  5000000  4990000 0.000201
0.002289  5000000  4960000 0.000202
0.002290  5000000  4960000 0.000202
0.002292  5000000  4970000 0.000202
0.002301  5000000  4970000 0.000203
0.002302  5000000  4990000 0.000203
0.002303  5000000  4970000 0.000204
0.002311  5000000  5000000 0.000205
0.002312  5000000  4970000 0.000205
0.002313  5000000  5000000 0.000205
0.002314  5000000  4970000 0.000205
0.002315  5000000  4970000 0.000205
0.002316  5000000  5000000 0.000206
0.002317  5000000  5000000 0.000205
0.002318  5000000  5000000 0.000206
0.002319  5000000  4970000 0.000206
0.002320  5000000  5000000 0.000206
0.002321  5000000  5000000 0.000206
0.002322  5000000  5000000 0.000206
0.002323  5000000  5000000 0.000207
0.002324  5000000  4970000 0.000207
0.002325  5000000  5000000 0.000207
0.002326  5000000  4990000 0.000207
0.002331  5000000  4940000 0.000208
0.002332  5000000  4940000 0.000208
0.002333  5000000  4980000 0.000208
0.002334  5000000  4950000 0.000208
0.002335  5000000  4980000 0.000208
0.002336  5000000  4980000 0.000208
0.002337  5000000  4980000 0.000209
0.002338  5000000  4980000 0.000209
0.002339  5000000  4980000 0.000209
0.002340  5000000  4970000 0.000209
0.002341  5000000  4980000 0.000209
0.002342  5000000  4980000 0.000209
0.002343  5000000  4980000 0.000209
0.002344  5000000  4980000 0.000210
0.002345  5000000  4980000 0.000210
0.002346  5000000  4980000 0.000210
0.002347  5000000  4980000 0.000210
0.002348  5000000  4950000 0.000210
0.002349  5000000  4980000 0.000210
0.002350  5000000  4980000 0.000211
0.002351  5000000  4980000 0.000211
0.002352  5000000  4980000 0.000211
0.002353  5000000  4980000 0.000211
0.002354  5000000  4950000 0.000211
0.002355  5000000  4980000 0.000211
0.002356  5000000  4980000 0.000212
0.002357  5000000  4980000 0.000212
0.002358  5000000  4980000 0.000212
0.002359  5000000  4950000 0.000212
0.002360  5000000  4980000 0.000212
0.002361  5000000  4950000 0.000212
0.002362  5000000  4980000 0.000212
0.002363  5000000  4950000 0.000212
0.002364  5000000  4950000 0.000213
0.002365  5000000  4980000 0.000213
0.002366  5000000  4950000 0.000213
0.002367  5000000  4950000 0.000213
0.002368  5000000  4950000 0.000213
0.002369  5000000  4980000 0.000214
0.002373  5000000  4920000 0.000214
0.002374  5000000  4920000 0.000214
0.002377  5000000  4920000 0.000215
0.002383  5000000  4950000 0.000216
0.002386  5000000  4950000 0.000216
0.002388  5000000  4950000 0.000217
0.002394  5000000  4950000 0.000218
0.002403  5000000  4890000 0.000219
0.002404  5000000  4890000 0.000219
0.002405  5000000  4920000 0.000220
0.002406  5000000  4890000 0.000220
0.002407  5000000  4920000 0.000220
0.002411  5000000  4870000 0.000221
0.002412  5000000  4870000 0.000221
0.002413  5000000  4900000 0.000221
0.002414  5000000  4870000 0.000221
0.002415  5000000  4870000 0.000221
0.002416  5000000  4860000 0.000222
0.002417  5000000  4890000 0.000222
0.002418  5000000  4870000 0.000222
0.002422  5000000  4870000 0.000222
0.002423  5000000  4890000 0.000223
0.002424  5000000  4890000 0.000223
0.002425  5000000  4890000 0.000223
0.002426  5000000  4860000 0.000223
0.002427  5000000  4900000 0.000223
0.002428  5000000  4870000 0.000223
0.002429  5000000  4900000 0.000224
0.002430  5000000  4890000 0.000224
0.002431  5000000  4890000 0.000224
0.002432  5000000  4900000 0.000224
0.002433  5000000  4900000 0.000224
0.002440  5000000  4840000 0.000225
0.002441  5000000  4840000 0.000225
0.002442  5000000  4840000 0.000225
0.002443  5000000  4870000 0.000225
0.002444  5000000  4870000 0.000226
0.002445  5000000  4870000 0.000226
0.002446  5000000  4870000 0.000226
0.002447  5000000  4870000 0.000226
0.002448  5000000  4870000 0.000226
0.002449  5000000  4870000 0.000226
0.002450  5000000  4870000 0.000226
0.002451  5000000  4840000 0.000227
0.002452  5000000  4850000 0.000227
0.002453  5000000  4840000 0.000227
0.002454  5000000  4840000 0.000227
0.002455  5000000  4820000 0.000227
0.002456  5000000  4790000 0.000228
0.002457  5000000  4700000 0.000228
0.002458  5000000  4670000 0.000228
0.002459  5000000  4720000 0.000228
0.002460  5000000  4750000 0.000228
0.002461  5000000  4780000 0.000228
0.002462  5000000  4780000 0.000228
0.002463  5000000  4780000 0.000228
0.002465  5000000  4840000 0.000228
0.002466  5000000  4840000 0.000229
0.002468  5000000  4870000 0.000229
0.002469  5000000  4840000 0.000229
0.002470  5000000  4810000 0.000229
0.002471  5000000  4770000 0.000229
0.002472  5000000  4810000 0.000229
0.002473  5000000  4810000 0.000230
0.002474  5000000  4810000 0.000230
0.002475  5000000  4810000 0.000230
0.002478  5000000  4810000 0.000230
0.002480  5000000  4800000 0.000231
0.002481  5000000  4800000 0.000231
0.002482  5000000  4810000 0.000231
0.002483  5000000  4810000 0.000231
0.002484  5000000  4810000 0.000231
0.002485  5000000  4800000 0.000232
0.002486  5000000  4810000 0.000232
0.002487  5000000  4800000 0.000232
0.002488  5000000  4810000 0.000232
0.002489  5000000  4750000 0.000232
0.002492  5000000  4750000 0.000233
0.002501  5000000  4750000 0.000234
0.002502  5000000  4750000 0.000234
0.002504  5000000  4750000 0.000234
0.002507  5000000  4750000 0.000235
0.002513  5000000  4810000 0.000236
0.002514  5000000  4810000 0.000236
0.002515  5000000  4810000 0.000236
0.002516  5000000  4810000 0.000236
0.002517  5000000  4780000 0.000236
0.002518  5000000  4810000 0.000236
0.002519  5000000  4810000 0.000237
0.002520  5000000  4780000 0.000237
0.002521  5000000  4810000 0.000237
0.002522  5000000  4810000 0.000237
0.002524  5000000  4750000 0.000237
0.002525  5000000  4760000 0.000237
0.002526  5000000  4750000 0.000237
0.002527  5000000  4750000 0.000238
0.002529  5000000  4770000 0.000238
0.002539  5000000  4750000 0.000240
0.002555  5000000  4750000 0.000242
0.002556  5000000  4750000 0.000242
0.002557  5000000  4750000 0.000242
0.002558  5000000  4750000 0.000242
0.002559  5000000  4780000 0.000242
0.002560  5000000  4780000 0.000243
0.002561  5000000  4750000 0.000243
0.002562  5000000  4780000 0.000243
0.002563  5000000  4780000 0.000243
0.002564  5000000  4790000 0.000243
0.002565  5000000  4780000 0.000243
0.002566  5000000  4760000 0.000243
0.002567  5000000  4780000 0.000244
0.002568  5000000  4780000 0.000244
0.002569  5000000  4760000 0.000244
0.002570  5000000  4760000 0.000244
0.002571  5000000  4760000 0.000244
0.002572  5000000  4790000 0.000244
0.002573  5000000  4760000 0.000244
0.002576  5000000  4760000 0.000245
0.002577  5000000  4760000 0.000245
0.002578  5000000  4770000 0.000245
0.002583  5000000  4760000 0.000246
0.002586  5000000  4760000 0.000246
0.002593  5000000  4760000 0.000247
0.002594  5000000  4760000 0.000247
0.002596  5000000  4730000 0.000247
0.002597  5000000  4730000 0.000247
0.002598  5000000  4730000 0.000247
0.002599  5000000  4760000 0.000247
0.002600  5000000  4730000 0.000248
0.002607  5000000  4790000 0.000249
0.002609  5000000  4790000 0.000249
0.002610  5000000  4790000 0.000249
0.002611  5000000  4790000 0.000249
0.002612  5000000  4790000 0.000249
0.002614  5000000  4790000 0.000249
0.002615  5000000  4760000 0.000250
0.002616  5000000  4790000 0.000250
0.002617  5000000  4790000 0.000250
0.002621  5000000  4790000 0.000251
0.002622  5000000  4760000 0.000251
0.002624  5000000  4790000 0.000251
0.002625  5000000  4800000 0.000251
0.002626  5000000  4790000 0.000251
0.002627  5000000  4760000 0.000251
0.002628  5000000  4790000 0.000251
0.002629  5000000  4780000 0.000252
0.002630  5000000  4790000 0.000252
0.002631  5000000  4790000 0.000252
0.002632  5000000  4800000 0.000252
0.002633  5000000  4790000 0.000252
0.002634  5000000  4790000 0.000252
0.002635  5000000  4760000 0.000252
0.002637  5000000  4760000 0.000252
0.002638  5000000  4760000 0.000253
0.002639  5000000  4760000 0.000253
0.002640  5000000  4760000 0.000253
0.002641  5000000  4760000 0.000253
0.002650  5000000  4820000 0.000254
0.002651  5000000  4820000 0.000255
0.002658  5000000  4760000 0.000256
0.002660  5000000  4820000 0.000256
0.002661  5000000  4820000 0.000256
0.002662  5000000  4820000 0.000256
0.002663  5000000  4820000 0.000256
0.002664  5000000  4790000 0.000257
0.002665  5000000  4790000 0.000257
0.002666  5000000  4790000 0.000257
0.002667  5000000  4790000 0.000257
0.002668  5000000  4790000 0.000257
0.002669  5000000  4790000 0.000257
0.002670  5000000  4820000 0.000258
0.002671  5000000  4790000 0.000258
0.002673  5000000  4790000 0.000258
0.002678  5000000  4820000 0.000259
0.002679  5000000  4790000 0.000260
0.002680  5000000  4820000 0.000260
0.002681  5000000  4760000 0.000260
0.002684  5000000  4730000 0.000261
0.002687  5000000  4790000 0.000262
0.002688  5000000  4790000 0.000262
0.002689  5000000  4780000 0.000262
0.002690  5000000  4790000 0.000262
0.002691  5000000  4790000 0.000262
0.002692  5000000  4790000 0.000262
0.002693  5000000  4760000 0.000263
0.002696  5000000  4820000 0.000263
0.002698  5000000  4820000 0.000264
0.002699  5000000  4820000 0.000264
0.002700  5000000  4790000 0.000264
0.002701  5000000  4820000 0.000264
0.002702  5000000  4790000 0.000265
0.002703  5000000  4790000 0.000265
0.002704  5000000  4820000 0.000265
0.002705  5000000  4790000 0.000265
0.002706  5000000  4790000 0.000265
0.002709  5000000  4840000 0.000266
0.002710  5000000  4840000 0.000266
0.002711  5000000  4840000 0.000266
0.002712  5000000  4840000 0.000266
0.002713  5000000  4840000 0.000267
0.002714  5000000  4820000 0.000267
0.002715  5000000  4840000 0.000267
0.002716  5000000  4840000 0.000267
0.002717  5000000  4820000 0.000268
0.002718  5000000  4850000 0.000268
0.002719  5000000  4820000 0.000268
0.002720  5000000  4820000 0.000268
0.002721  5000000  4820000 0.000268
0.002722  5000000  4820000 0.000268
0.002723  5000000  4820000 0.000269
0.002724  5000000  4820000 0.000269
0.002725  5000000  4820000 0.000269
0.002728  5000000  4850000 0.000270
0.002735  5000000  4880000 0.000271
0.002736  5000000  4850000 0.000271
0.002737  5000000  4850000 0.000272
0.002738  5000000  4870000 0.000272
0.002739  5000000  4850000 0.000272
0.002740  5000000  4840000 0.000272
0.002741  5000000  4870000 0.000273
0.002742  5000000  4850000 0.000273
0.002743  5000000  4880000 0.000273
0.002744  5000000  4850000 0.000273
0.002745  5000000  4880000 0.000274
0.002746  5000000  4870000 0.000274
0.002748  5000000  4850000 0.000274
0.002749  5000000  4850000 0.000274
0.002751  5000000  4840000 0.000275
0.002752  5000000  4840000 0.000275
0.002753  5000000  4880000 0.000275
0.002755  5000000  4840000 0.000276
0.002756  5000000  4850000 0.000276
0.002759  5000000  4880000 0.000276
0.002762  5000000  4870000 0.000277
0.002763  5000000  4880000 0.000277
0.002764  5000000  4870000 0.000277
0.002765  5000000  4850000 0.000278
0.002766  5000000  4870000 0.000278
0.002767  5000000  4880000 0.000278
0.002768  5000000  4850000 0.000278
0.002769  5000000  4880000 0.000278
0.002770  5000000  4880000 0.000279
0.002771  5000000  4850000 0.000279
0.002772  5000000  4850000 0.000279
0.002777  5000000  4890000 0.000280
0.002778  5000000  4900000 0.000280
0.002779  5000000  4910000 0.000280
0.002780  5000000  4880000 0.000280
0.002781  5000000  4910000 0.000281
0.002782  5000000  4910000 0.000281
0.002797  5000000  4930000 0.000284
0.002798  5000000  4940000 0.000284
0.002799  5000000  4910000 0.000284
0.002800  5000000  4940000 0.000284
0.002801  5000000  4910000 0.000284
0.002802  5000000  4940000 0.000285
0.002803  5000000  4930000 0.000285
0.002804  5000000  4940000 0.000285
0.002805  5000000  4930000 0.000285
0.002806  5000000  4900000 0.000285
0.002807  5000000  4930000 0.000286
0.002812  5000000  4930000 0.000287
0.002813  5000000  4930000 0.000287
0.002814  5000000  4910000 0.000287
0.002827  5000000  4900000 0.000290
0.002828  5000000  4930000 0.000290
0.002829  5000000  4940000 0.000290
0.002830  5000000  4940000 0.000290
0.002835  5000000  4930000 0.000291
0.002837  5000000  4940000 0.000292
0.002839  5000000  4940000 0.000292
0.002840  5000000  4940000 0.000292
0.002841  5000000  4940000 0.000292
0.002845  5000000  4940000 0.000293
0.002851  5000000  4930000 0.000295
0.002852  5000000  4930000 0.000295
0.002853  5000000  4930000 0.000295
0.002854  5000000  4930000 0.000295
0.002855  5000000  4940000 0.000295
0.002856  5000000  4900000 0.000296
0.002857  5000000  4930000 0.000296
0.002858  5000000  4910000 0.000296
0.002859  5000000  4900000 0.000296
0.002860  5000000  4900000 0.000296
0.002861  5000000  4900000 0.000297
0.002863  5000000  4900000 0.000297
0.002864  5000000  4900000 0.000297
0.002865  5000000  4900000 0.000297
0.002868  5000000  4900000 0.000298
0.002870  5000000  4900000 0.000298
0.002871  5000000  4930000 0.000299
0.002873  5000000  4900000 0.000299
0.002874  5000000  4930000 0.000299
0.002875  5000000  4930000 0.000300
0.002876  5000000  4930000 0.000300
0.002877  5000000  4910000 0.000300
0.002878  5000000  4900000 0.000300
0.002879  5000000  4900000 0.000300
0.002880  5000000  4900000 0.000301
0.002881  5000000  4900000 0.000301
0.002882  5000000  4930000 0.000301
0.002883  5000000  4900000 0.000301
0.002884  5000000  4930000 0.000301
0.002885  5000000  4900000 0.000302
0.002886  5000000  4900000 0.000302
0.002887  5000000  4900000 0.000302
0.002888  5000000  4910000 0.000302
0.002889  5000000  4910000 0.000302
0.002890  5000000  4930000 0.000302
0.002891  5000000  4930000 0.000303
0.002892  5000000  4930000 0.000303
0.002893  5000000  4900000 0.000303
0.002894  5000000  4940000 0.000303
0.002895  5000000  4910000 0.000304
0.002896  5000000  4940000 0.000304
0.002897  5000000  4940000 0.000304
0.002898  5000000  4940000 0.000304
0.002900  5000000  4940000 0.000305
0.002901  5000000  4940000 0.000305
0.002902  5000000  4940000 0.000305
0.002903  5000000  4940000 0.000305
0.002904  5000000  4940000 0.000306
0.002905  5000000  4940000 0.000306
0.002906  5000000  4940000 0.000306
0.002907  5000000  4940000 0.000306
0.002908  5000000  4940000 0.000306
0.002909  5000000  4940000 0.000307
0.002910  5000000  4940000 0.000307
0.002911  5000000  4940000 0.000307
0.002912  5000000  4940000 0.000307
0.002915  5000000  4940000 0.000308
0.002917  5000000  4940000 0.000308
0.002918  5000000  4940000 0.000309
0.002919  5000000  4940000 0.000309
0.002920  5000000  4940000 0.000309
0.002921  5000000  4940000 0.000309
0.002922  5000000  4940000 0.000309
0.002923  5000000  4940000 0.000310
0.002924  5000000  4940000 0.000310
0.002925  5000000  4940000 0.000310
0.002926  5000000  4940000 0.000310
0.002927  5000000  4940000 0.000311
0.002928  5000000  4900000 0.000311
0.002929  5000000  4930000 0.000311
0.002930  5000000  4940000 0.000311
0.002931  5000000  4940000 0.000311
0.002932  5000000  4940000 0.000312
0.002933  5000000  4930000 0.000312
0.002934  5000000  4940000 0.000312
0.002935  5000000  4940000 0.000312
0.002936  5000000  4940000 0.000313
0.002937  5000000  4940000 0.000313
0.002938  5000000  4930000 0.000313
0.002939  5000000  4930000 0.000313
0.002940  5000000  4940000 0.000313
0.002941  5000000  4940000 0.000314
0.002942  5000000  4940000 0.000314
0.002943  5000000  4930000 0.000314
0.002944  5000000  4870000 0.000315
0.002946  5000000  4850000 0.000315
0.002947  5000000  4880000 0.000316
0.002948  5000000  4880000 0.000316
0.002949  5000000  4880000 0.000316
0.002950  5000000  4850000 0.000316
0.002951  5000000  4880000 0.000316
0.002952  5000000  4880000 0.000317
0.002953  5000000  4880000 0.000317
0.002954  5000000  4850000 0.000317
0.002955  5000000  4850000 0.000317
333			333		333		333
