0.000000   190000    20000 0.000000
0.000010   240000    50000 -0.000001
0.000011   250000    50000 -0.000002
0.000013   300000    60000 -0.000003
0.000014   350000    80000 -0.000006
0.000017   400000    90000 -0.000008
0.000022   450000   110000 -0.000010
0.000023   450000   110000 -0.000010
0.000028   500000   120000 -0.000012
0.000032   540000   140000 -0.000014
0.000033   550000   140000 -0.000015
0.000037   600000   160000 -0.000017
0.000040   630000   170000 -0.000018
0.000042   650000   170000 -0.000019
0.000046   700000   190000 -0.000021
0.000048   720000   200000 -0.000021
0.000051   750000   200000 -0.000023
0.000055   800000   220000 -0.000024
0.000056   800000   220000 -0.000024
0.000060   850000   230000 -0.000026
0.000063   890000   250000 -0.000027
0.000068   950000   270000 -0.000028
0.000070   980000   280000 -0.000029
0.000072  1000000   280000 -0.000030
0.000075  1050000   300000 -0.000031
0.000077  1070000   310000 -0.000031
0.000079  1100000   320000 -0.000032
0.000082  1150000   330000 -0.000033
0.000083  1150000   340000 -0.000033
0.000086  1200000   350000 -0.000034
0.000089  1240000   360000 -0.000035
0.000093  1300000   380000 -0.000036
0.000095  1330000   390000 -0.000037
0.000096  1350000   400000 -0.000037
0.000100  1400000   410000 -0.000038
0.000101  1410000   420000 -0.000039
0.000103  1450000   430000 -0.000039
0.000106  1500000   450000 -0.000040
0.000110  1550000   460000 -0.000041
0.000112  1590000   480000 -0.000042
0.000113  1600000   480000 -0.000042
0.000116  1650000   500000 -0.000043
0.000117  1680000   500000 -0.000043
0.000119  1700000   510000 -0.000044
0.000122  1750000   530000 -0.000045
0.000123  1760000   530000 -0.000045
0.000125  1800000   550000 -0.000045
0.000128  1850000   560000 -0.000046
0.000131  1900000   580000 -0.000047
0.000133  1940000   590000 -0.000048
0.000134  1950000   590000 -0.000048
0.000137  2000000   610000 -0.000049
0.000138  2020000   620000 -0.000049
0.000139  2050000   630000 -0.000049
0.000142  2100000   640000 -0.000050
0.000145  2150000   660000 -0.000051
0.000147  2200000   680000 -0.000051
0.000151  2250000   690000 -0.000052
0.000152  2280000   710000 -0.000053
0.000153  2300000   710000 -0.000053
0.000157  2350000   720000 -0.000054
0.000159  2400000   740000 -0.000054
0.000162  2450000   760000 -0.000055
0.000165  2490000   770000 -0.000056
0.000166  2500000   770000 -0.000056
0.000168  2500000   770000 -0.000058
0.000170  2500000  1380000 -0.000060
0.000180  2500000  1410000 -0.000060
0.000191  2500000  1440000 -0.000060
0.000202  2500000  1470000 -0.000060
0.000210  2500000  1480000 -0.000060
0.000212  2500000  1500000 -0.000060
0.000222  2500000  1530000 -0.000060
0.000231  2500000  1550000 -0.000060
0.000241  2500000  1590000 -0.000060
0.000250  2500000  1610000 -0.000060
0.000252  2500000  1620000 -0.000060
0.000258  2500000  1640000 -0.000060
0.000267  2500000  1670000 -0.000060
0.000275  2500000  1700000 -0.000060
0.000283  2500000  1730000 -0.000059
0.000292  2500000  1750000 -0.000059
0.000295  2500000  1760000 -0.000059
0.000301  2500000  1780000 -0.000059
0.000308  2500000  1810000 -0.000059
0.000316  2500000  1840000 -0.000059
0.000324  2500000  1870000 -0.000059
0.000332  2500000  1900000 -0.000058
0.000338  2500000  1910000 -0.000058
0.000342  2500000  1930000 -0.000058
0.000349  2500000  1950000 -0.000058
0.000358  2500000  1980000 -0.000057
0.000366  2500000  2010000 -0.000057
0.000375  2500000  2040000 -0.000057
0.000382  2500000  2050000 -0.000056
0.000384  2500000  2070000 -0.000056
0.000393  2500000  2100000 -0.000056
0.000402  2500000  2120000 -0.000055
0.000411  2500000  2150000 -0.000055
0.000422  2500000  2180000 -0.000054
0.000426  2500000  2180000 -0.000053
0.000429  2500000  2150000 -0.000053
0.000430  2500000  2120000 -0.000053
0.000431  2500000  2150000 -0.000053
0.000433  2500000  2180000 -0.000053
0.000435  2500000  2210000 -0.000053
0.000444  2500000  2240000 -0.000052
0.000459  2500000  2270000 -0.000050
0.000470  2500000  2290000 -0.000049
0.000479  2500000  2320000 -0.000048
0.000481  2500000  2330000 -0.000048
0.000497  2500000  2350000 -0.000045
0.000510  2500000  2380000 -0.000043
0.000515  2500000  2370000 -0.000042
0.000532  2500000  2410000 -0.000040
0.000554  2500000  2440000 -0.000036
0.000562  2500000  2440000 -0.000034
0.000569  2500000  2470000 -0.000033
0.000582  2500000  2500000 -0.000030
0.000608  2500000  2520000 -0.000024
0.000609  2500000  2500000 -0.000024
0.000616  2500000  2520000 -0.000022
0.000638  2500000  2550000 -0.000017
0.000656  2500000  2550000 -0.000013
0.000691  2500000  2580000 -0.000004
0.000702  2500000  2550000 -0.000001
0.000704  2500000  2560000 0.000000
0.000706  2500000  2580000 0.000000
0.000729  2500000  2550000 0.000006
0.000730  2500000  2580000 0.000006
0.000731  2500000  2550000 0.000007
0.000752  2500000  2580000 0.000013
0.000774  2500000  2610000 0.000018
0.000779  2500000  2580000 0.000020
0.000780  2500000  2610000 0.000020
0.000781  2500000  2580000 0.000020
0.000800  2500000  2580000 0.000025
0.000836  2500000  2640000 0.000036
0.000848  2500000  2630000 0.000039
0.000897  2500000  2640000 0.000052
0.000899  2500000  2610000 0.000053
0.000900  2500000  2580000 0.000053
0.000901  2500000  2570000 0.000054
0.000903  2500000  2630000 0.000054
0.000906  2500000  2660000 0.000054
0.000907  2500000  2630000 0.000055
0.000943  2500000  2640000 0.000065
0.000955  2500000  2600000 0.000068
0.000957  2500000  2630000 0.000068
0.000971  2500000  2660000 0.000072
0.000974  2500000  2630000 0.000073
0.000975  2500000  2600000 0.000074
0.000977  2500000  2630000 0.000074
0.000986  2500000  2660000 0.000076
0.000990  2500000  2630000 0.000077
0.000992  2500000  2640000 0.000078
0.000994  2500000  2660000 0.000078
0.001004  2500000  2630000 0.000081
0.001008  2500000  2660000 0.000082
0.001012  2500000  2630000 0.000083
0.001016  2500000  2660000 0.000085
0.001023  2500000  2630000 0.000086
0.001031  2500000  2660000 0.000089
0.001040  2500000  2660000 0.000091
0.001042  2500000  2630000 0.000092
0.001058  2500000  2600000 0.000096
0.001065  2500000  2630000 0.000098
0.001090  2500000  2620000 0.000105
0.001092  2500000  2600000 0.000106
0.001120  2500000  2630000 0.000113
0.001122  2500000  2600000 0.000113
0.001123  2500000  2630000 0.000114
0.001135  2500000  2600000 0.000117
0.001138  2500000  2620000 0.000118
0.001142  2500000  2600000 0.000118
0.001149  2500000  2630000 0.000120
0.001188  2500000  2630000 0.000130
0.001194  2500000  2660000 0.000132
0.001235  2500000  2660000 0.000144
0.001241  2500000  2680000 0.000145
0.001270  2500000  2710000 0.000153
0.001283  2500000  2720000 0.000156
0.001294  2500000  2740000 0.000160
0.001296  2500000  2740000 0.000160
0.001315  2500000  2770000 0.000165
0.001320  2500000  2770000 0.000167
0.001321  2500000  2770000 0.000167
0.001322  2500000  2740000 0.000167
0.001323  2500000  2770000 0.000167
0.001324  2500000  2770000 0.000167
0.001329  2500000  2740000 0.000169
0.001331  2500000  2760000 0.000170
0.001332  2500000  2770000 0.000170
0.001333  2500000  2770000 0.000170
0.001334  2500000  2770000 0.000171
0.001335  2500000  2770000 0.000171
0.001338  2500000  2740000 0.000172
0.001371  2500000  2800000 0.000182
0.001375  2500000  2770000 0.000183
0.001378  2500000  2770000 0.000183
0.001379  2500000  2770000 0.000184
0.001383  2500000  2740000 0.000185
0.001384  2500000  2680000 0.000186
0.001386  2500000  2740000 0.000187
0.001387  2500000  2770000 0.000187
0.001390  2500000  2800000 0.000187
0.001392  2500000  2770000 0.000188
0.001393  2500000  2790000 0.000188
0.001394  2500000  2770000 0.000188
0.001396  2500000  2790000 0.000189
0.001399  2500000  2800000 0.000190
0.001400  2500000  2800000 0.000190
0.001403  2500000  2770000 0.000192
0.001411  2500000  2800000 0.000194
0.001412  2500000  2770000 0.000194
0.001426  2500000  2800000 0.000198
0.001438  2500000  2820000 0.000202
0.001439  2500000  2820000 0.000202
0.001440  2500000  2820000 0.000202
0.001441  2500000  2790000 0.000202
0.001442  2500000  2820000 0.000203
0.001475  2500000  2820000 0.000213
0.001476  2500000  2790000 0.000213
0.001477  2500000  2820000 0.000213
0.001479  2500000  2790000 0.000214
0.001480  2500000  2820000 0.000214
0.001489  2500000  2790000 0.000217
0.001498  2500000  2820000 0.000220
0.001499  2500000  2820000 0.000220
0.001523  2500000  2830000 0.000227
0.001529  2500000  2850000 0.000228
0.001544  2500000  2820000 0.000233
0.001545  2500000  2850000 0.000233
0.001572  2500000  2820000 0.000241
0.001591  2500000  2850000 0.000247
0.001593  2500000  2820000 0.000247
0.001602  2500000  2820000 0.000250
0.001621  2500000  2820000 0.000256
0.001643  2500000  2850000 0.000262
0.001644  2500000  2820000 0.000262
0.001645  2500000  2850000 0.000262
0.001670  2500000  2840000 0.000270
0.001672  2500000  2820000 0.000270
0.001673  2500000  2790000 0.000271
0.001680  2500000  2820000 0.000273
0.001690  2500000  2850000 0.000276
0.001693  2500000  2820000 0.000277
0.001695  2500000  2820000 0.000277
0.001697  2500000  2820000 0.000278
0.001719  2500000  2850000 0.000285
0.001726  2500000  2880000 0.000287
0.001736  2500000  2880000 0.000291
0.001737  2500000  2850000 0.000291
0.001738  2500000  2850000 0.000291
0.001739  2500000  2880000 0.000291
0.001751  2500000  2820000 0.000296
0.001752  2500000  2760000 0.000297
0.001757  2500000  2800000 0.000299
0.001764  2500000  2820000 0.000301
0.001765  2500000  2820000 0.000301
0.001769  2500000  2830000 0.000302
0.001778  2500000  2850000 0.000305
0.001779  2500000  2850000 0.000305
0.001780  2500000  2850000 0.000305
0.001795  2500000  2880000 0.000310
0.001796  2500000  2880000 0.000310
0.001797  2500000  2850000 0.000310
0.001817  2500000  2870000 0.000317
0.001827  2500000  2850000 0.000321
0.001828  2500000  2820000 0.000321
0.001829  2500000  2790000 0.000322
0.001835  2500000  2820000 0.000324
0.001842  2500000  2850000 0.000326
0.001853  2500000  2880000 0.000329
0.001865  2500000  2880000 0.000333
0.001866  2500000  2910000 0.000333
0.001868  2500000  2850000 0.000334
0.001869  2500000  2820000 0.000334
0.001870  2500000  2790000 0.000335
0.001871  2500000  2770000 0.000336
0.001873  2500000  2790000 0.000337
0.001874  2500000  2820000 0.000337
0.001876  2500000  2850000 0.000337
0.001888  2500000  2880000 0.000340
0.001889  2500000  2880000 0.000341
0.001890  2500000  2850000 0.000341
0.001913  2500000  2890000 0.000348
0.001914  2500000  2880000 0.000348
0.001915  2500000  2880000 0.000349
0.001916  2500000  2910000 0.000349
0.001920  2500000  2880000 0.000350
0.001921  2500000  2880000 0.000351
0.001923  2500000  2880000 0.000351
0.001929  2500000  2880000 0.000353
0.001962  2500000  2900000 0.000364
0.002011  2500000  2920000 0.000380
0.002061  2500000  2890000 0.000396
0.002063  2500000  2880000 0.000396
0.002071  2500000  2910000 0.000399
0.002074  2500000  2880000 0.000400
0.002075  2500000  2910000 0.000400
0.002077  2500000  2880000 0.000400
0.002092  2500000  2880000 0.000405
0.002102  2500000  2910000 0.000408
0.002105  2500000  2880000 0.000410
0.002106  2500000  2850000 0.000411
0.002108  2500000  2790000 0.000412
0.002113  2500000  2800000 0.000413
0.002115  2500000  2820000 0.000414
0.002126  2500000  2850000 0.000416
0.002135  2500000  2880000 0.000419
0.002157  2500000  2910000 0.000426
0.002160  2500000  2870000 0.000427
0.002161  2500000  2850000 0.000428
0.002162  2500000  2790000 0.000429
0.002170  2500000  2820000 0.000431
0.002184  2500000  2850000 0.000435
0.002192  2500000  2850000 0.000437
0.002199  2500000  2880000 0.000439
0.002201  2500000  2880000 0.000439
0.002202  2500000  2880000 0.000440
0.002204  2500000  2850000 0.000440
0.002205  2500000  2850000 0.000440
0.002207  2500000  2880000 0.000441
0.002210  2500000  2870000 0.000442
0.002221  2500000  2910000 0.000445
0.002226  2500000  2910000 0.000446
0.002243  2500000  2880000 0.000451
0.002259  2500000  2890000 0.000456
0.002260  2500000  2910000 0.000457
0.002275  2500000  2880000 0.000461
0.002280  2500000  2910000 0.000463
0.002290  2500000  2930000 0.000465
0.002291  2500000  2940000 0.000465
0.002294  2500000  2910000 0.000466
0.002302  2500000  2930000 0.000468
0.002303  2500000  2910000 0.000470
0.002304  2500000  2850000 0.000470
0.002305  2500000  2820000 0.000471
0.002310  2500000  2840000 0.000473
0.002311  2500000  2850000 0.000473
0.002312  2500000  2850000 0.000473
0.002316  2500000  2880000 0.000474
0.002317  2500000  2880000 0.000474
0.002323  2500000  2910000 0.000476
0.002336  2500000  2940000 0.000479
0.002337  2500000  2940000 0.000480
0.002357  2500000  2940000 0.000485
0.002360  2500000  2910000 0.000486
0.002361  2500000  2880000 0.000487
0.002363  2500000  2880000 0.000488
0.002364  2500000  2910000 0.000488
0.002366  2500000  2930000 0.000488
0.002391  2500000  2910000 0.000496
0.002393  2500000  2910000 0.000496
0.002403  2500000  2930000 0.000500
0.002404  2500000  2910000 0.000500
0.002405  2500000  2910000 0.000500
0.002408  2500000  2910000 0.000501
0.002414  2500000  2910000 0.000502
0.002419  2500000  2940000 0.000504
0.002421  2500000  2910000 0.000504
0.002429  2500000  2930000 0.000507
0.002430  2500000  2900000 0.000507
0.002431  2500000  2930000 0.000507
0.002432  2500000  2930000 0.000508
0.002440  2500000  2910000 0.000510
0.002443  2500000  2930000 0.000511
0.002444  2500000  2910000 0.000511
0.002445  2500000  2930000 0.000511
0.002446  2500000  2910000 0.000512
0.002452  2500000  2880000 0.000514
0.002453  2500000  2850000 0.000515
0.002455  2500000  2820000 0.000516
0.002456  2500000  2850000 0.000516
0.002457  2500000  2830000 0.000516
0.002463  2500000  2880000 0.000518
0.002472  2500000  2900000 0.000520
0.002485  2500000  2930000 0.000524
0.002486  2500000  2930000 0.000524
0.002487  2500000  2930000 0.000524
0.002504  2500000  2940000 0.000529
0.002509  2500000  2960000 0.000530
0.002510  2500000  2960000 0.000531
0.002511  2500000  2960000 0.000531
0.002542  2500000  2930000 0.000540
0.002543  2500000  2900000 0.000541
0.002550  2500000  2930000 0.000543
0.002551  2500000  2930000 0.000543
0.002555  2500000  2930000 0.000544
0.002563  2500000  2960000 0.000546
0.002577  2500000  2990000 0.000550
0.002578  2500000  2990000 0.000551
0.002579  2500000  2990000 0.000551
0.002580  2500000  2990000 0.000551
0.002581  2500000  2960000 0.000551
0.002582  2500000  2990000 0.000552
0.002591  2500000  2960000 0.000554
0.002603  2500000  2980000 0.000558
0.002638  2500000  2960000 0.000568
0.002652  2500000  2990000 0.000572
0.002653  2500000  2980000 0.000573
0.002661  2500000  2960000 0.000575
0.002662  2500000  2990000 0.000575
0.002675  2500000  3020000 0.000579
0.002679  2500000  2990000 0.000580
0.002680  2500000  3020000 0.000580
0.002681  2500000  2990000 0.000580
0.002685  2500000  2990000 0.000582
0.002695  2500000  2990000 0.000585
0.002696  2500000  3020000 0.000585
0.002701  2500000  2990000 0.000587
0.002702  2500000  3020000 0.000587
0.002706  2500000  2990000 0.000588
0.002723  2500000  3020000 0.000593
0.002742  2500000  3050000 0.000599
0.002745  2500000  3020000 0.000599
0.002751  2500000  3060000 0.000601
0.002752  2500000  3040000 0.000601
0.002756  2500000  3020000 0.000603
0.002768  2500000  2990000 0.000607
0.002778  2500000  3020000 0.000610
0.002779  2500000  2990000 0.000610
0.002780  2500000  3020000 0.000610
0.002781  2500000  3020000 0.000610
0.002784  2500000  2990000 0.000611
0.002789  2500000  3020000 0.000613
0.002790  2500000  3020000 0.000613
0.002791  2500000  3020000 0.000613
0.002792  2500000  3020000 0.000613
0.002801  2500000  3020000 0.000616
0.002819  2500000  2990000 0.000621
0.002832  2500000  3020000 0.000625
0.002833  2500000  2990000 0.000625
0.002851  2500000  3020000 0.000630
0.002854  2500000  2990000 0.000631
0.002855  2500000  2930000 0.000632
333			333			333		333